0, 2806254052
0, 2522037381
0, 5350673322
0, 3982264784
0, 1087718662
0, 1758544745
0, 4047812367
0, 1962931048
0, 4094689676
0, 78875634
0, 1845479106
0, 4552166944
0, 4815115534
0, 242428741
0, 1951713274
0, 3423525656
0, 1195749018
0, 2785029602
0, 5359519575
0, 1694063547
0, 2106525276
0, 3589575757
0, 3761864007
0, 4442960177
0, 1187126069
0, 3650605228
0, 1871074243
0, 4495543933
0, 1216226320
0, 1087294005
0, 4145371012
0, 925062836
0, 3813338289
0, 4795036331
0, 5220207418
0, 606255455
0, 4517271629
0, 3030910070
0, 816736819
0, 225904516
0, 1032968532
0, 4466461297
0, 5012735238
0, 2559125086
0, 345209285
0, 2085724400
0, 1906242726
0, 2871029013
0, 674844471
0, 4867742921
0, 2062094284
0, 715241899
0, 3067565530
0, 3318945672
0, 4494849902
0, 5250958059
0, 3400894446
0, 4574860213
0, 1892139073
0, 3416915966
0, 2476187704
0, 1764126261
0, 528734821
0, 300594013
0, 4555514607
0, 2152629151
0, 3187550780
0, 3970220460
0, 1109136334
0, 1808704948
0, 888791383
0, 3277598389
0, 4068943592
0, 2075516101
0, 1743623214
0, 3566882488
0, 2125003682
0, 1097575745
0, 1088288575
0, 2209986572
0, 5118284589
0, 541921139
0, 3613840284
0, 4231817302
0, 2326536897
0, 3526122733
0, 4727268716
0, 2963784996
0, 3842850731
0, 2370822362
0, 162842003
0, 3762602753
0, 4662602425
0, 3211942135
0, 1012808300
0, 2709091608
0, 332084213
0, 3602795137
0, 1066961959
0, 2305386431
0, 420430213
0, 1754285167
0, 944436897
0, 3119333034
0, 3666501546
0, 4224546643
0, 1563782465
0, 4091324669
0, 210755074
0, 779355892
0, 313752418
0, 3015120255
0, 4954922266
0, 2521229530
0, 4005515771
0, 789123545
0, 2913226423
0, 140639515
0, 4616374703
0, 376238243
0, 2184823680
0, 3877758241
0, 5338287267
0, 3991151145
0, 2514763470
0, 571077216
0, 3251614909
0, 2894162928
0, 3499519205
0, 2680155854
0, 2008254985
0, 808732292
0, 134356922
0, 3980502200
0, 1402649659
0, 4084641538
0, 1755669164
0, 2832986575
0, 1516381584
0, 2163792183
0, 889627960
0, 2260587421
0, 2823732196
0, 1901901577
0, 2539512003
0, 1019948608
0, 4430652441
0, 258145115
0, 1163555844
0, 797716142
0, 2393685819
0, 3326510095
0, 617808185
0, 2902021115
0, 2268175150
0, 1709706480
0, 5204022756
0, 1851888256
0, 3235179030
0, 5147112485
0, 3104920983
0, 3179040567
0, 3030482161
0, 804032068
0, 2863893041
0, 1534770018
0, 3599698691
0, 2090718388
0, 2344564359
0, 3490430407
0, 2772425934
0, 3840450213
0, 3910934061
0, 2169153376
0, 3817938243
0, 4534981750
0, 5352444036
0, 697909823
0, 4206864977
0, 2356281044
0, 717212069
0, 805500888
0, 4830094788
0, 503878701
0, 1631565527
0, 2627131452
0, 3130496066
0, 1178654609
0, 1655886964
0, 2715995062
0, 771143779
0, 1660574451
0, 3251399193
0, 685865499
0, 1475222375
0, 2192287291
0, 851523734
0, 3672710969
0, 3025713645
0, 2128320180
0, 3198027098
0, 767238127
0, 4640604542
0, 3919766493
0, 290020677
0, 4060773213
0, 1347817958
0, 170970648
0, 1334227037
0, 2255519992
0, 2707550973
0, 292956149
0, 2449031607
0, 4471088080
0, 383625161
0, 4469472378
0, 4820825775
0, 5080281175
0, 4070205097
0, 3722871172
0, 3880747371
0, 715241899
0, 1611734560
0, 380497821
0, 3037647672
0, 2872350951
0, 3675166771
0, 1945892736
0, 4219387887
0, 3912863039
0, 2012848164
0, 4368711326
0, 1237046979
0, 20857244
0, 3543832312
0, 2897467773
0, 3521691612
0, 2949317119
0, 1062698587
0, 1436873165
0, 849509662
0, 3300585422
0, 2643707709
0, 2035857961
0, 5195824464
0, 2709165049
0, 3024254852
0, 4256493478
0, 240525508
0, 2451460580
0, 3828858188
0, 2183621253
0, 263892754
0, 439324062
0, 2536744280
0, 1005554172
0, 4989552814
0, 4168290837
0, 980158491
0, 639817992
0, 5083366781
0, 5061333397
0, 329266355
0, 2090130860
0, 1832879503
0, 327179655
0, 731021416
0, 3393341405
0, 3377239398
0, 4995603702
0, 158123892
0, 648043384
0, 558865414
0, 3877464477
0, 2986554958
0, 781852886
0, 1963943504
0, 5030267854
0, 2254980702
0, 4579046350
0, 1904985557
0, 4588593680
0, 3767703515
0, 629683134
0, 2216084072
0, 4616795024
0, 266994891
0, 2271530130
0, 2551486680
0, 4771902416
0, 4333078620
0, 3787132047
0, 2936353834
0, 4966227302
0, 4174877492
0, 2052969714
0, 1925693209
0, 980070145
0, 5160263031
0, 1407863970
0, 1448303674
0, 3702674897
0, 4939653042
0, 2928606757
0, 3309458504
0, 3484481686
0, 3214959178
0, 3212749986
0, 2165084311
0, 2195224931
0, 1879705322
0, 82914889
0, 232089007
0, 5171348015
0, 2566731514
0, 804178950
0, 3317808285
0, 925283159
0, 4228430615
0, 2405045868
0, 1038995030
0, 4759197123
0, 2388185332
0, 626525171
0, 4119261517
0, 384757399
0, 4663269627
0, 4005839345
0, 4227030629
0, 4809137003
0, 760691309
0, 1208545096
0, 2989367667
0, 4036097037
0, 1193333866
0, 5327557022
0, 4120352021
0, 2826817531
0, 1364670906
0, 2054805739
0, 5148891600
0, 2580055771
0, 589098174
0, 1202743257
0, 1214732568
0, 1245192155
0, 3461589774
0, 2103790886
0, 3933831664
0, 1988635398
0, 3730764318
0, 4628178379
0, 587103885
0, 3935629749
0, 170055481
0, 2043202061
0, 828804178
0, 879088770
0, 2877927318
0, 4791658045
0, 2184155123
0, 774141581
0, 4878190784
0, 1835657795
0, 2756342897
0, 1866135810
0, 5106303950
0, 496681483
0, 5137485752
0, 942027707
0, 3856893409
0, 2760720631
0, 3804447050
0, 70429919
0, 3610261729
0, 3333193226
0, 3354781086
0, 2246266426
0, 3484860544
0, 3814966186
0, 4898070260
0, 2308911599
0, 3087153410
0, 2281664988
0, 3778767090
0, 2442060132
0, 4841223945
0, 4992886385
0, 465231391
0, 1098457037
0, 1887979494
0, 2693301793
0, 1280774726
0, 1730123078
0, 5138509861
0, 2360687504
0, 1547561218
0, 1655213258
0, 2821751728
0, 3416695643
0, 103948012
0, 790739247
0, 3152491239
0, 3084889205
0, 4757654862
0, 3394075815
0, 2466951482
0, 225170106
0, 2469077206
0, 3812542633
0, 2066824589
0, 4793200306
0, 3597396275
0, 4157201246
0, 2256907783
0, 2597387847
0, 2411760435
0, 1434155848
0, 483585137
0, 3877758241
0, 1975042038
0, 3357942843
0, 3396242460
0, 4127310759
0, 2369018586
0, 2252802675
0, 2429158906
0, 4734888152
0, 4511102314
0, 174495816
0, 4445185087
0, 3911614542
0, 233143197
0, 3984541455
0, 2876222186
0, 4831756831
0, 2692809928
0, 1948536612
0, 2159474069
0, 243750679
0, 4498687533
0, 3325188157
0, 1595003562
0, 2488254521
0, 2645939936
0, 363826714
0, 4159933468
0, 236186256
0, 2339496117
0, 3586784999
0, 130638802
0, 180224214
0, 1603930031
0, 4704263255
0, 1790094294
0, 4955725239
0, 2908557364
0, 289724745
0, 3912727268
0, 3205699650
0, 2476951924
0, 4998100696
0, 4355558070
0, 4200972082
0, 4622142938
0, 1785203828
0, 2433973492
0, 5033939904
0, 3169212481
0, 1594697874
0, 101148040
0, 3819299205
0, 316348598
0, 1634062250
0, 2775863840
0, 3700545108
0, 1508306326
0, 2384702711
0, 678578309
0, 3907722169
0, 31706458
0, 4529033029
0, 1659579339
0, 1924594846
0, 639574092
0, 2027338805
0, 4692481801
0, 4408075702
0, 4776732178
0, 5072937075
0, 5194071365
0, 440352236
0, 1512385689
0, 2403503607
0, 3912212639
0, 5082264082
0, 1014429693
0, 5183759544
0, 3728391984
0, 1110501361
0, 4840632081
0, 4975407427
0, 2512230162
0, 2744637052
0, 1426142649
0, 3758269734
0, 3503638947
0, 1763832497
0, 5179332217
0, 907730760
0, 4027233440
0, 3648622321
0, 3282879366
0, 565569141
0, 1317078428
0, 2423259236
0, 4594383053
0, 5160038101
0, 3195332545
0, 1386272316
0, 915276484
0, 2399611234
0, 709851980
0, 1031992932
0, 494598577
0, 98557822
0, 247779907
0, 4002975146
0, 3907711600
0, 4929947448
0, 1256072805
0, 1400887075
0, 696615527
0, 4437525543
0, 5161527517
0, 2649457516
0, 1693066538
0, 995198991
0, 2365216456
0, 1034783690
0, 958845154
0, 2223499716
0, 3921329350
0, 2927431701
0, 129474315
0, 2853182850
0, 1738739794
0, 3793962060
0, 4397776889
0, 735658497
0, 3295142929
0, 1646400338
0, 2626652595
0, 4521468606
0, 2761792978
0, 2746840282
0, 1751367039
0, 337020749
0, 635489580
0, 4321194999
0, 4515500102
0, 3410453158
0, 4041177203
0, 1377973483
0, 4088389468
0, 5083586020
0, 2100822623
0, 5311546884
0, 2652526049
0, 2898422506
0, 1840039865
0, 765842748
0, 5303336939
0, 3063517874
0, 4474722461
0, 1302843340
0, 2353248012
0, 4543500906
0, 2966992010
0, 2972451034
0, 2846519773
0, 844204295
0, 598572063
0, 3056687861
0, 3106167312
0, 2503677131
0, 4915022936
0, 1597268309
0, 5150854453
0, 3514372173
0, 4598468378
0, 5312721940
0, 1252952511
0, 1448109638
0, 696512005
0, 5151445504
0, 3533647319
0, 2206461404
0, 4076445956
0, 2561107993
0, 4129341362
0, 2420909124
0, 1167599164
0, 1056889431
0, 3302527408
0, 3306974789
0, 3770899147
0, 3990122971
0, 887385977
0, 1530069794
0, 1272122780
0, 4929506802
0, 4486314486
0, 2115321123
0, 4749988543
0, 581505838
0, 5312676683
0, 2192213850
0, 696735580
0, 1194958511
0, 2963415894
0, 223480963
0, 3606474233
0, 2619713911
0, 2536551599
0, 5217836168
0, 4992420536
0, 1550706715
0, 2434045849
0, 3624680555
0, 3079442918
0, 856836147
0, 2846714351
0, 345980551
0, 4096969057
0, 818353063
0, 4254477238
0, 1294103861
0, 4067081551
0, 2146166343
0, 1664346771
0, 878574683
0, 1564648039
0, 2203817528
0, 4533841111
0, 3229421093
0, 3127628886
0, 4449569867
0, 2462212776
0, 799258403
0, 2437609770
0, 69548627
0, 4342495870
0, 590685963
0, 4935150919
0, 2162396804
0, 1060970420
0, 260054581
0, 932034040
0, 3918885201
0, 713547878
0, 4216100928
0, 489344158
0, 5065886739
0, 92421298
0, 2461815761
0, 1901168522
0, 844204295
0, 4301317691
0, 4690309465
0, 1981801591
0, 3794108942
0, 2744337326
0, 3721769557
0, 4626856441
0, 3308443609
0, 3673038879
0, 2335423800
0, 4612592085
0, 4810826146
0, 2077053755
0, 3733373235
0, 3759864298
0, 4728058139
0, 4458543761
0, 1776244026
0, 4415653675
0, 3701279518
0, 1358492648
0, 718106098
0, 626277206
0, 4102708024
0, 1507169752
0, 3757829088
0, 3395520245
0, 1431071326
0, 1812205997
0, 4200384554
0, 4966010231
0, 71972180
0, 3786161325
0, 3696505853
0, 4092735224
0, 605006958
0, 581065463
0, 4420634113
0, 2408377813
0, 1354325481
0, 1389659816
0, 1659399395
0, 4269345924
0, 3621522592
0, 2658571517
0, 736172584
0, 4220692481
0, 494772017
0, 5365986448
0, 4459484402
0, 1703371855
0, 4844094919
0, 4178619189
0, 4407855379
0, 515157992
0, 185438525
0, 1181110140
0, 3204304271
0, 3896632578
0, 3925201127
0, 3999292798
0, 4865466250
0, 4782159495
0, 4128485815
0, 5253916295
0, 506742900
0, 2250199720
0, 1416089362
0, 2049708500
0, 2080510089
0, 3041330291
0, 1670562427
0, 800873021
0, 807043149
0, 890840956
0, 5233332219
0, 1544595936
0, 3025842641
0, 5317525686
0, 2837907122
0, 2094134072
0, 4623918801
0, 2985247925
0, 571591303
0, 3667001812
0, 4391478036
0, 4263096393
0, 4290349779
0, 4620963546
0, 1298804085
0, 77165082
0, 1991352715
0, 2205324559
0, 4237986346
0, 5277509826
0, 2609579053
0, 3332630359
0, 2832545929
0, 286198493
0, 3657508682
0, 4335572362
0, 370216081
0, 3826107538
0, 1443042209
0, 916898961
0, 2628086185
0, 1130193305
0, 4131423455
0, 502896597
0, 680430865
0, 2381067788
0, 3048976556
0, 1130122032
0, 3837953219
0, 4350752156
0, 2792153379
0, 3942940516
0, 261156196
0, 1693027243
0, 1370629383
0, 5278094102
0, 1555847585
0, 3556704812
0, 810347994
0, 481797621
0, 3922263487
0, 4633311390
0, 4289468487
0, 575330019
0, 2615894979
0, 2277019506
0, 5217395522
0, 4101582832
0, 4324940490
0, 2067858454
0, 4259504559
0, 859966739
0, 2416943310
0, 2760371041
0, 1005040085
0, 1675840965
0, 4756773570
0, 5297923714
