0, 1
7759754, 11698366581738332003
10156444, 15415170441732105211
30303546, 9955055953731126601
25218876, 681411892743515653
3692116, 4042243561809863602
11545141, 12280222786315346997
23804266, 1673424245126907267
16930285, 13547229467750496369
12119940, 16170535242775422647
27847250, 11653972786471667890
24060579, 5747758121329448383
8329207, 9273075537652993225
1074597, 15454477095915377090
28394656, 7619527743814124221
21392774, 8953446461390178773
14440026, 4500970812409656265
21809438, 8148157216003159672
11665621, 14279247191836366874
4890686, 16116969262819408050
24181035, 5125190397769535123
15565848, 7035967071556245822
30668037, 6146069442714230534
26872574, 7469247144786929090
31046263, 15911499683255582089
24386329, 17235172488922060231
13190884, 1020668220765212335
8053523, 7910934509122140691
23648860, 16738376782369791261
23068833, 11173836781399918539
2907740, 14016488662186264579
23010237, 5298938227864360105
9148995, 17258095416551755318
25715232, 6188792413089306422
20426108, 13209261248433572415
26827555, 1741528268972260589
107970, 11968877358666453869
22846372, 6130664647014304073
28563898, 10772215242297146636
6528514, 17329421294679779853
3006621, 10496837207893055376
462784, 11937757176069864150
10338339, 16390505990889614389
15143094, 15218517716317630932
2543953, 8885150231352731313
1223868, 5347001661878939033
10102802, 6726092083219802077
28823446, 8237791928940695107
17329366, 17487412053764839973
15915233, 12348671250745270196
2476198, 18157336733115515001
28424877, 3464706225049925026
28793884, 15647921821364168763
30152495, 3851425630288441193
6050854, 7923473724769268894
10942003, 3077966294196396640
3550274, 8676869999618669885
18986369, 5494109951869388777
19426389, 17689930003699850835
21859387, 17994362105119752773
14104793, 9432849374029834773
15896838, 3023836187359109824
24521096, 5931689089861977893
17975027, 16871088292859643827
27861779, 13444211230249595445
30354706, 4622670257012394247
26289726, 16047013154925322098
30762160, 17859723738700120335
20558269, 7533588499597126433
24823548, 1928258475231986259
8369301, 3503245730144940441
17985818, 15120092971651993749
24502932, 13306338496420698214
30680803, 17383892731724436199
7075253, 3677500982420430873
999618, 16566881538566924180
26091750, 8636205337480598496
947160, 726004785426905321
27264936, 13545864338859237910
25565948, 3814093250886861122
26110780, 419346026696537430
7827199, 17681972904944235834
13602514, 17147910801789575955
14335622, 16823980768487447608
450123, 3082070472292457955
6747826, 14041178414985175545
215452, 8708086947754535717
26327409, 268536782574798263
894024, 9516089448582070756
11580593, 11795746131460409798
31282131, 12039257066624178480
23646299, 16766481637857438689
6015999, 16085467184351053726
23580631, 11654040364913276746
16847617, 16358336718072997416
12594712, 2462241852060388714
2419321, 838163648474594610
13223402, 11825613170919704123
5950178, 5187873178293757689
21005483, 6468343465103179439
19934574, 17784019454446494852
19739930, 3955239118345504510
24009186, 17292983363885869548
24166754, 879880087614003341
15756239, 2464731477212367608
996021, 15435542933153926137
8912433, 15722797378552356479
14083319, 15601817899843171060
26690199, 15217713791178939260
26956329, 3525995248680339439
28107336, 14278529146519716293
842026, 6926357533002831802
29132061, 13672675565699970790
1539309, 2217189238959129550
25089907, 3090385314545491269
10217585, 6029319158440060742
26608030, 17768449332305911712
6052637, 7203430881428336705
11981394, 9641777362839464096
22195469, 3538766118078508603
29618691, 10552313683361153296
188228, 17194028452707411805
29157478, 6046659910293645898
19929980, 2483213842788330680
30434887, 7102840176449383718
21342755, 3913697445724261598
22939074, 6442575646317879908
5509432, 5100070669963113959
20310234, 7802168306045643387
20554103, 12629210061265847037
23912438, 1778002452685810054
10278123, 13365261987490924258
13919304, 15821869463170357797
12123201, 15520863180853476172
28721448, 5001494669925073440
17916358, 8463437056983999165
29222093, 12147083359488421654
2086739, 1956619783594193582
30136959, 18107852933412660018
19752402, 1823720049677922496
15393010, 4690235375618992181
10322707, 11176996486697619222
4832506, 13379254007794155298
28204456, 9864309292937353654
13847246, 3336562497918737945
2068122, 3706025098180332219
8104955, 16511891345853408583
6623155, 410940406069609383
14746792, 1278089265907538644
22676491, 10634181013382999909
9427087, 3398666552180900764
617548, 14540285831035403880
23983912, 15336207654346045403
14187806, 15606746991356926251
2101799, 8409439309477781688
26030020, 3938899640083135457
22025879, 4598783304218242595
15949790, 10621099613756866749
5998481, 1273687277973228775
26444589, 11710041804038339676
3344203, 9894035639835276914
19884303, 11196762022444524164
15425873, 7277765802198516987
7475915, 4046512063927388241
17245859, 11485847231012193706
2814028, 4419511221138578656
14601536, 7207077260094960876
21423557, 968134233859934352
29799615, 13344736088424314189
2359701, 8126576353750341532
17374559, 10597815037251721176
3937590, 9971511493644336071
1905404, 371919004709215667
29740514, 15613654953572523698
11926282, 3575069627628210070
18817627, 13137582998424555273
18443301, 2355561556636496470
20947356, 847047680568145099
1861226, 13537975951454845580
24953750, 7425572835477664403
15123180, 14858229776960384309
24622864, 2439189081247015684
1590187, 9356387903996801612
29102634, 2889772450914698187
2712876, 5700098649642941847
30330047, 14771650467737231686
17450664, 15289469326947970077
14494645, 4192170399130470566
19636376, 16558365085031482719
8449594, 6522208908044107832
15156248, 13031061968133093936
11398009, 12739183841623540295
2499363, 195850645816167540
5174326, 11067113341326670490
24971516, 16159839364360468465
20312350, 13600937915215435555
5485388, 2400532327259054623
6781380, 4766971126952709692
12765414, 2006705460399481472
14206242, 17994812413810336737
29170955, 11947866409269984972
14610470, 7962345885847641531
27119159, 15883632475728509433
13205963, 2253941689791840332
4362937, 5020053208310595548
17463656, 8089038803764039336
11814528, 3179195318407847754
22938499, 15476593979790490214
27614728, 9022994503918407137
30505383, 2103730469324779280
26732428, 10590307224371401931
6380648, 15724723046390461334
13036368, 18143380685289144304
808917, 6483422256134645663
18657455, 11743986331781281345
20148271, 17239041634269489610
11863120, 3277291556464747934
5775590, 8977910817105879516
21573362, 17949116392044418534
2488422, 4372492314169307471
8025615, 4566501846719346048
471773, 7103331783382507779
781463, 9193916321349501875
11059686, 1124432768213301622
24184286, 10771593693319598139
3223803, 4173627030357704265
23696550, 4054590140594842328
4001736, 3576328131884371141
30575633, 2480437638597303903
22938644, 13867970908073176238
4586320, 17896240936035806091
12490553, 17938849099169667679
474091, 67480167485983690
13283466, 5458365804216175929
29860840, 17954623621963307261
17603066, 13305480691334876436
2678133, 3657981597661529821
24064040, 13505348502018488146
29731443, 7048451642027557520
21500535, 8725547796225577384
25053765, 14660515341013440718
21231727, 8287649840341727142
20657887, 11699149074755636187
27899990, 17231920915829165706
22748570, 11574462471429501427
9786345, 125707411097158228
21059534, 8648647771810162875
24239096, 1917293502764775489
2042379, 9830047755958927085
5196204, 10211160939328996152
7896762, 4556631090970116145
12269420, 12672291409362245777
5769854, 6456993299095549828
16107889, 18234884501778709465
19017547, 6689325590760115942
22528606, 1156768103140766323
27419822, 6883827546596919170
21600191, 2765812480181322306
15121545, 9409874444427249755
3394567, 10468757694090459975
2292125, 4554652898460999517
2651970, 16050725241142708996
17895110, 18081476156875204222
21349527, 1165135760689747807
8743345, 3645021015529745350
22440478, 14389084888881329813
20499171, 10934227983437576928
12448380, 13467779567158130731
24320417, 2147583004837939253
13762460, 5596655015121583353
23407683, 12694428288567209829
25668035, 1225363885150426052
17464594, 10662862527687816986
11357660, 867004455165561695
12922384, 17726750620360225951
12034510, 12998351929754932773
24512996, 12848625739540698048
17948944, 8038735663790479296
2889174, 16578455291417619367
2463360, 8461355291534759452
23097055, 15309070171550171904
26509829, 5298745417975899339
24270898, 7038322989372766137
30235932, 1013951557527125098
1933799, 5069191844937434973
9198934, 8215566380432628228
25716765, 8428254668455121627
22349907, 1900527366751593264
7332726, 16475291880722214100
989758, 6234741795176292338
4502313, 14778515829340128640
10816898, 7482199567928096130
7646969, 14934806595737797051
20820077, 15543699387055666485
1950799, 10471128497655920478
4492419, 13625248122787710962
27850207, 15887614762619388515
25594346, 3142413000883331138
27289430, 4515723780656706518
1422066, 18412996658365337253
15828301, 3465890237081753248
13462385, 8341329192865871052
2695069, 3268622144462209522
21556997, 14086027493321560975
17668081, 16045005907179374775
23739815, 10331378547921713182
883288, 415843062094838826
23925581, 5298239195875861525
1189117, 14539219936081180518
27447927, 13188263231039758270
5779554, 4143716999891717002
15390013, 3508787712672159371
30831039, 1365535602520662423
30221094, 3798041996241658776
5602496, 11816702485535275726
28429464, 10868558732251526360
22091919, 344071625213567452
2584547, 10589162870167582408
1071846, 13799284617770403858
6366496, 17905519308062163534
4161223, 543843138432891355
28467799, 18253366848116993803
26744537, 8970000557062839308
14549929, 3558820893206661865
12320709, 13721687906752623464
19185951, 5421930082583089615
13965200, 8354344053932335971
14521230, 497552026320450810
5143078, 17020453646105049704
26626542, 1961942989414740631
4072487, 16900479283871984463
25012169, 3672389035359190000
4575291, 11142417588206076408
19012197, 1730443157945200857
10229417, 2329503272612091834
18253298, 17471251361543396988
4105883, 9845409306813491701
3933910, 7673893853301402349
31285541, 17543228203415710521
29040527, 4233887720816719612
24074992, 2582794791622594301
502825, 8630070933716500406
11718938, 2673200091533637017
11788713, 7981914594836593850
17889228, 12185151305513758595
26685660, 3510425652690438787
27833587, 7009888044408434025
14996846, 5569977669058295644
25384333, 16545378882904914553
467904, 3814572468234812823
16225667, 13382953547234837575
10571632, 1388788169286684725
28368019, 8060914097703330873
27546041, 14203653679476428495
1342585, 1303699774823496508
23893955, 8529800087581771268
24734879, 11170706166891308296
22649972, 10920456521917975845
23788214, 3685467481903139566
25465487, 4970942953599433986
22906002, 12877870548330091822
11919343, 5358393208450826881
24650041, 14669033756333817090
30912457, 9437894756751667077
16932937, 10747645023084638612
5861307, 5554415339414777635
16752241, 5255964461942159723
1712654, 1563444288338404103
14360160, 4103525708945946040
5922544, 15208746895881079864
19490672, 9348590897818514838
5767753, 13867245030129180481
25635644, 10404564663266712883
29578323, 6746914084571163347
23630283, 14875347560489310434
9741265, 2556335463789477971
29609167, 13149012828356415151
16066503, 10527329167491968068
11017330, 11541585548113079159
16525569, 13458594935596476708
17305125, 1373318776180289038
2663369, 793011788057204063
25899164, 5735578053242972925
8379510, 18355075037877706531
5174845, 16329867602005075833
12569844, 16580906676028355267
19465871, 18164618223766104220
4432784, 10208590752096951703
8115800, 16374860611316145814
16882905, 16880285429530634407
27268647, 12759340552082227453
17856572, 7346158558442231524
7220915, 2742722711362652459
7992038, 1032653114288983582
6086644, 2367091151053333986
15489864, 3772484222786621028
10837067, 3820172595270363903
4207607, 9248218810180069604
14258586, 17410484743415849618
870279, 3759352500985633836
27370644, 16405864654882998466
24021674, 14506271902275192782
26859974, 10905118566279006798
15890133, 11062846323587821831
6711173, 9636471437749987090
16137551, 17763231506782457644
4990553, 5788321895323993321
16708291, 5986858036399878699
8830169, 4805539735720155807
21623924, 12337211500494306953
7730266, 15495420781501158526
8087614, 7677678243808795506
23372020, 1161039498499930133
2056395, 3032310988950231120
11424219, 6955659166968829997
22584875, 13810025029157856372
14724345, 5446636774956561055
4099043, 5137195171162768791
19626807, 14526757897009614615
6402764, 2697848895868468799
6331221, 2320195730308434002
19865132, 15325835853275007477
25681392, 12040896708866839350
8185978, 4705837712496348718
3946146, 14171992433298143995
1620660, 13324818999365730568
21779970, 10503908229203125709
26692255, 18445359729926104975
16348084, 2320329190884767891
16047334, 10597775461186929669
24199939, 6973153735729194076
6482377, 2766765180359236435
2791265, 13956392460439276070
14645947, 10513788901668811390
25427275, 4256614595600945618
10592193, 11375519580093872719
10381689, 9803167322867160211
19475139, 9385853627336452995
15492479, 10352418555358605023
30025969, 12352588107586685382
18726912, 18275387823330424537
10694540, 17381971503622981889
24162744, 15533170309355121175
20273420, 12630999648247042605
18850805, 16131995598254916934
29552450, 11450726795052305126
29931565, 11927725588289507815
28749442, 11946479018448673825
26471493, 17293431249369847703
10109675, 3408739375733114494
10245439, 7877406777196246769
153744, 7520187165985389770
1805133, 4792713581324190294
4318436, 6000654532571652729
19672725, 6123391875237938756
15279162, 3707480291139780234
9942916, 11290728240366801475
6360463, 10986140592071174313
7578877, 3173764792868625540
4479979, 17305732018251099536
18596334, 11532991710088429049
27176273, 1056120384056340841
2832573, 13888223022758859200
7472866, 10665478681006413220
20057955, 13295702900975933637
12790666, 2515281987599109332
28654634, 6874091946964573619
17038118, 11889958574665239829
18897806, 16190306446483708276
26850250, 4140878041363541975
17065646, 600034282051762495
17428186, 7856469119235438757
24906518, 11741767155183526597
23263006, 689360247647209335
828687, 5580622690577183103
26744431, 16678670805259137531
22155655, 18147915814249642383
31239314, 1056100744936288105
29207973, 9930703886231016175
3068501, 3042633283469244544
6422135, 13214164534275410367
27149391, 4904806872745972186
6585155, 8585188583386399611
14904101, 10148141809171215963
11008744, 5088150620319614602
19841789, 10203735667222267476
8390455, 4586465282328487533
3909164, 10424543422017646698
26748556, 6850106423157746039
30345602, 8761185224688273353
21243426, 3090651684093330687
18553144, 5152836795916966013
22669190, 176589567863957047
11119266, 16396827055051039008
26009763, 8330122337474424451
1475048, 7587226453333756725
7242290, 6885305293723844833
18504783, 15006231489595606537
28558563, 6579054733044488643
29786174, 1028946250539261958
27804212, 5700927853519088656
22537654, 3722208717213180144
6727378, 10348311843990850710
24350024, 178956164744562700
28704127, 1572751543885932307
2856747, 16975344922841962663
22124359, 16123083538266412969
4323305, 3058192546820788864
13040519, 6704173042784252208
2188427, 6496630003686906441
12847748, 5565002411556401119
1786351, 17417197558482242017
11223945, 9322781921713516929
10744311, 10971407715481391119
12606563, 17305791518597631955
21570170, 674057791372367991
11437355, 15898114430563331679
5693676, 489859249610935429
30955612, 8675358833698529595
23947630, 17050868139887220252
30247214, 8170383846681919150
22419621, 14325160041411855111
22582435, 9717512642389514069
12655851, 8410437232422828338
26835030, 5430796881748660404
6550169, 9519405091852119307
14388165, 9581710545917492481
6148494, 1278803171988546762
6652837, 18007872473493000542
23667425, 11960095381186326267
22362329, 8203818963105804835
279202, 9504983261596358480
10490322, 14226065887151544269
23617801, 14193998020543689061
9652048, 4903944379441748105
29378319, 17098729869420792532
15317484, 16011195863259399420
23154922, 16350889639638214590
17004290, 9020881807984997405
13412307, 16498528899768895374
23685711, 11525865201696327778
20890323, 17808901217196531046
29142099, 8988621700473188750
25997460, 9887416951904827342
30205187, 10984143424858524334
11259677, 10525371680252856212
6872743, 3928373334938542700
27340981, 17534823904263956723
12902695, 4765904882708177264
27315112, 16639547867137135692
24415808, 8339502462466179732
300361, 4200569134405665848
7850722, 2469166013226480026
28574076, 17346779709788166250
3411581, 8154301801325126506
28739591, 12153166303650683465
12516597, 16888329461091955297
19959735, 12885218880323401546
158340, 7256777581048708748
23089973, 11113692495097128046
7006499, 666145984680521518
27450032, 16888848124031130829
15055368, 11134528070109454254
4843597, 8101314335946269379
16881331, 14407411793112530471
2019272, 13984419881967950128
18718326, 3820828230731955327
15754610, 6375159109648809560
12886062, 5044241846946293792
8060405, 13634989163687746005
27439563, 4757381533131084586
3810535, 576550893191699162
6873303, 72441248597305182
5927663, 14468288350039669517
13260441, 10963192205802813983
9165918, 5139009659238836047
27147497, 8645413354124482106
21514814, 6377342337231625215
26399594, 6074406042157052579
23308654, 6521391424517621832
17444572, 12717761225405658373
14591021, 8418488627911960194
21696554, 5128933624028572472
4831415, 5543372026061464823
22196832, 7701829618069199044
22129890, 11393299165464103416
26010226, 9954724550545117061
19619191, 14819562354186576573
5365019, 6059293395058109876
28594522, 18072636369764077302
16089058, 5218840386792780838
22409019, 8988721150353135051
14844757, 5919656236736643531
22179965, 5303080854520286486
6255422, 4335848204467767908
22610973, 17843133601112590719
10561229, 10175577997466329976
24346635, 9039034879682477610
21631331, 12727931937843251000
8348049, 16756163449502069616
6044369, 2373368361750113118
7907149, 4512628111501561300
31106, 5886915902153247845
9304164, 5436994158325964259
18605106, 5242266860937045738
26410610, 9380107844487535435
28811251, 17409951359009989624
5300760, 11933401251055001619
9628591, 3702689079542379970
10861588, 17431487546293284150
30706003, 1042821558543170585
9449739, 1071246527386689925
11098882, 424631867837443029
28377441, 7755447346116919627
17441014, 3044616726764308537
10963012, 15155921300582172668
27619883, 2521532654600664961
23986268, 7776597573351902547
9877504, 12700253061894725194
24884315, 50058395615130437
17512491, 2708941976058299808
16842085, 13979194570422567349
2164664, 3958802051065532048
2607653, 18036506757206919385
13290823, 14581640375586508541
7002496, 15140768556422778955
23799992, 4366174695106909234
2440930, 8464333122447633674
28467471, 14430027041154891130
282798, 10643585186653577909
12730236, 3159132855451565420
9998511, 2405648928528538540
15862568, 12522819841598763968
20077859, 11747371451609513127
19690161, 16675153197830877101
10516838, 3131465019761418910
5694347, 17378108917698267675
7619491, 4619258791914936048
8092215, 3098908561290025782
1469332, 14257239254474346975
14146779, 17050136439038923041
29698114, 5465782523069146517
19456577, 11459569165148086084
29534069, 7599548899310062520
23995790, 15095145984697116317
9575718, 4313386200099774366
25006057, 16499346403484908764
22961541, 18430549511803132056
2176666, 8297623835501814644
17247342, 12883191713804708210
21022855, 9123908571568898602
27124539, 7496671207814770080
21544212, 14353136420627011703
28115465, 13118533841392921362
7025779, 16526396484848794606
9168777, 10524312583412595840
14127490, 16593048258240527817
517212, 8689933995891703814
24553323, 12569929614090524568
28175684, 8489181086808516667
15127479, 1318568385671003760
20127771, 9972664025191982086
1425203, 8415674928225459807
7147818, 634727650802099954
24751485, 10429356195917936874
27278107, 7290735322378155918
25277056, 7817466150581917151
28581985, 17121456249540163119
3111811, 14078619445265046715
13394397, 12088167245533306346
4312027, 4359410188093617922
9977644, 15483185792718808735
13088036, 6806578583901256760
30479411, 11774706324005607593
20159477, 10797012856771420551
25536327, 4431317303553026935
30623502, 17472133919843907584
22880975, 14846591013501221352
2336082, 1327604097454626690
25253258, 8235577060345774428
22339293, 18344235003457771
14197549, 12421272648901236309
15349974, 10921316978644361946
13759894, 15881640175320083458
11676628, 9507951764121167147
27955667, 411045181844409325
19717879, 6631331420233573665
18955854, 5286517735717393572
5934776, 15788755638413798562
9863460, 8577038598181216371
10222558, 7271132268371963993
17308117, 609018408205413746
21136629, 5809980731572845604
25656615, 10510295167493149035
17407448, 17743933526020008582
18575375, 9331397629546403115
9036750, 17265879162286424703
8952473, 10058451950529427185
9777862, 14190885721217488322
6062175, 2545203273302463858
5513466, 1224046777617616122
21936418, 3052554889981688566
1304990, 17769553774293145105
7424981, 15285911365422928162
938075, 9707651471138443893
5252833, 17577229045030060135
23075922, 10996248103390679615
25913784, 15221847477649618633
10005898, 12836533587812172972
13082233, 8328236061084970640
18669177, 8030068490824346718
42731, 13636447580921587694
14638368, 11151370151490167476
708627, 13187390904350459816
19028583, 5431360286035072184
23565779, 9775756322631626640
21579899, 12459954108340018144
14784534, 8110865335701561038
27648969, 2959592568460290388
22182432, 1887361405146790167
27723002, 5785098737623447782
19312652, 13713904419292723890
13329555, 1813607405856140212
965901, 10545812292050414892
2036040, 3226626285609228019
22517134, 2101234926426465787
17561225, 11412720442338019561
13932576, 8354580772081962157
27873931, 14514642379984010297
6647817, 1962011683386139198
28090416, 17502397361857873242
12850519, 5127060235916701318
30890727, 5869746700665983406
4230165, 3242804937362627133
8266876, 2826081461168416494
7116225, 12884811909745189447
13512106, 17343454315249231079
8121506, 15617779569407883333
9430451, 8354961533484756653
17165108, 3940693494857403418
15197308, 10188439895294813135
1430208, 9960351534097100127
12545778, 9144295489339060410
17978679, 8436199975223413894
5978022, 5790051200727162775
17110601, 1423672727226057009
1714552, 6383394853948814253
19700861, 13420069521052077081
16239371, 7945118543851064256
7569035, 2151673095330524147
7122435, 10669449749669479175
13312415, 16254575771104313178
538514, 16711570089279279508
5732643, 5399329844315227403
21327459, 7678196405538764628
27155949, 5361508085310125884
15772846, 15585449312275536864
8550459, 12164209592642589788
5277845, 2997413614533950046
12000057, 13412302145101306422
17424407, 14945692933424191337
12301924, 1598631524164567403
12595397, 18257954767279681457
21554901, 11535647207274747549
28972388, 9504057015700121583
22601585, 4474829254734934382
17948824, 7863628494839775181
30339722, 3634258025926079097
11790645, 12810314355143110689
24226829, 10369232036330670155
6734007, 15989434713891800105
16842201, 719119114667564287
16908340, 16871436832941828832
13762854, 11117654840128935018
15326728, 8021711002871693828
10089743, 16128767812264667409
4850477, 8862364162729252533
12903039, 7197668996578620317
12503723, 14115230868662614707
6425444, 12956762113599847666
28315881, 9262518211749299167
2098662, 6133528081865818292
19674188, 3683330731476254139
28775111, 10709171911073059561
12389158, 12864314947833736572
12311463, 15588764631324702158
3437148, 13804951493489505532
22380286, 2116359144084844017
8324336, 16923503349264594470
17638878, 8667753320694541755
1913064, 17700280469519264117
29064474, 18107718772823741639
3647755, 14508915012354072916
13261980, 10721886637963021031
8085220, 10545823729254248566
24520735, 13073457209958491621
2473128, 2883524428430780854
22281234, 6767685771131624844
22960659, 12623618139497717868
23176507, 14696508803283817844
3481200, 157976269909570203
23429469, 14633181791136349220
19200207, 13997987965752750500
8381543, 12360056905481090070
6027418, 18034393333517841429
31169614, 6510536550435339859
25602636, 16023592197810593000
20968048, 501981214381814530
17677292, 6308690612541679744
18902717, 3160515015504754881
4780124, 12841662294183755244
25262097, 2830486320576542073
11099978, 13334880519194399344
20943686, 7604868257308192608
5236219, 244074351083936508
6327225, 5131170155618246918
23818096, 11036709111041315476
27291323, 7559601004734468717
12261780, 5413452775940461049
8774254, 10438229495549225463
16151061, 5009626650207741377
17762600, 11029473525460059076
17567658, 4152382862102303432
12836078, 12420627044187549831
8445884, 1470805133117287315
9289940, 11632769557632426775
13564544, 11085881916839880022
3116914, 12763847777224629444
12083156, 17486197179282021127
27142323, 4803719311453538009
24371197, 17576896477509295107
21330762, 12589319898930778794
30215460, 14626291500500580479
21620802, 1835011464046742010
2111557, 5896008994854411961
1418875, 17426889018446815492
23915494, 13295156374081947411
30654493, 1269891391891554703
9295193, 10731879557790014640
13477206, 12029958639426969198
9194908, 11460306975612540551
12966567, 7966073725619024586
30638259, 6074993891704112410
25008747, 14531850837977743695
9915792, 3709810904093458501
4919576, 1798676993010028722
25173773, 2796337551939690639
26612812, 3592299213526613754
9950891, 2765859687193978060
22707929, 6938353953007647258
21578972, 3031484868862364795
13388996, 18269667382395547496
11639558, 4622793566854750560
27850958, 13240312434852850721
4085930, 14845684639171236196
13508991, 11492564608515948798
8844367, 7966685948164509068
30552060, 15371341518360372665
11829830, 14649665457441904563
28896350, 13140328435342949797
1150615, 18294130225660222344
8490956, 6619453926424614811
29149690, 8325345811968976588
1496785, 32144030434332211
5458004, 4528231209934906719
556801, 2862154198365548116
17780623, 9672788119401284692
22427356, 10263761591782820309
1586906, 9625525959868338675
1476957, 11237549217023824891
18036780, 9835817711169388380
14706077, 7162146485291127121
15818919, 10560539135660610727
30421964, 7404058155761319416
16769845, 13701848345425701700
11542362, 6207906793471297790
13488869, 11809985309821663135
9215763, 2199402422201332302
18930533, 14579843290669794174
26863305, 7940241053346706715
2452133, 2436035339701590989
24042844, 1166354752658125636
21419292, 10461475664196929506
18895248, 6980706954821368954
4486778, 10613268198992521492
21564141, 4386237732736442540
18161517, 702330787986734592
24809704, 1366715272372558757
31219916, 9196401663502314761
5784751, 7450608792209552574
11960533, 13692767326609848313
18330411, 14234563728987644762
9779565, 14526689003585802323
28207392, 9312046336063060086
14672613, 9734911389271412889
8468433, 15070605913538126892
24535111, 4783589348770979951
7351856, 3666221890698846484
4987554, 18112507965467189576
28542657, 3926733159318798877
10645512, 3952950941857594841
13128254, 3921523626461359712
3345494, 16071302244791339118
18023289, 4029610491609186745
30931814, 7896441846166360025
17132908, 12155855578743351
26337788, 3463482871796734471
7473040, 1064873252630525619
29900331, 17944427357092199007
7590926, 4374170292111292113
18997271, 1215567848922147300
8377819, 3504469913805026567
19768496, 11408123675237896983
29633322, 13695674083142594871
20500235, 14022032415810176326
22751102, 352207252525557308
20291518, 7337150948609531229
2746980, 8348464945636229105
15727655, 14340920361790541236
9474056, 17733384115335371991
30966412, 2252219225005097649
15347069, 8811969979469703424
21429521, 5692302299684589275
1016028, 2972708371857318751
1975309, 14761225529306038942
13962410, 8575592894601653015
9039344, 6104217598861729339
12397571, 1903580762675812169
5052292, 15561644214157931246
4000547, 3567258306388148454
3578156, 3109150412134088738
1577566, 16679143999866541166
17434385, 14917197635993255832
24337130, 7197326383484975300
29811624, 16174503638169592404
4011663, 9553696282059828704
26759437, 262295307800555036
4618710, 10809211789960638937
2010120, 3930619701911626501
21178060, 299333420560937968
18339997, 5935895996779131685
9594637, 17874960192079031816
26226192, 1211474190887554607
11966300, 14816480052876375767
20234617, 17768929769142588316
362878, 9533199308692556835
26593251, 1259150588357200236
4635526, 6093181235302868438
27816209, 2568308934035228903
9694930, 16843810818291540269
15299186, 8684893969543966198
22562045, 1005192670157750961
12628129, 13516371975749337205
17883123, 13712283977267047090
16189189, 13906911565918764537
19566403, 16901693386863077512
3961265, 1172517148515756883
11836317, 673827698742125254
3555597, 2607404625918234524
25066246, 18408056627835467286
24449423, 7038173662472136955
8514265, 2413386088862729351
127371, 1222523727190054456
11240417, 10353398996115534749
9479095, 16614683862606529384
1992766, 1135582364793854012
22683095, 17176825068511236002
12132383, 4524964754156536200
6220395, 2255013789870093037
4306490, 16888245928874346914
20413812, 12886423495605774700
203978, 4122384125180534689
23505139, 8982917325138550604
638268, 14326448857018696182
6892882, 7917574579752401310
28811306, 276698842798179281
11218460, 6953026679189957880
3139523, 8316593283274072713
1107624, 17719869319878733157
2003056, 1380831525914780737
13556796, 3444608059762857217
1621361, 18192820923170743967
27679311, 6027248300040736235
14153646, 7471949671421912842
5234257, 12661093023950421895
13646728, 13078943710028536053
15104251, 17748058742751026228
11256914, 16408315763435522692
1820445, 3224974656806240747
17689963, 1807607011552544377
13403101, 16544168505655017270
21351467, 8513117475337286856
16617358, 3711945240743301644
19886896, 1077615223480744132
1643260, 1059622040089812570
27602910, 1853207140452014251
5708241, 5635165004340654436
13271912, 7431134129453817970
9644735, 3427333329841232190
18833866, 14826118545335816970
21290357, 15585704848704658107
8093064, 13561618821603219426
14289015, 6340859607757200846
10711498, 10660212225964457507
23476954, 9325810059063973218
17978321, 14835156848887135895
30813593, 252076843659981960
2877559, 6829378596136480882
17845592, 12552456376616236720
24451029, 12415560555540374010
7312117, 10052510579772736796
7738666, 18391919184574146598
8511835, 12279141717079604355
17798720, 3108386407967396084
28580540, 16907744642821484338
25759498, 15327508644734453669
145954, 15061813595810322292
738818, 11347398665398614744
3533301, 7516029768851363884
10469480, 15217882357367533333
28306042, 1270602128292629855
14037070, 18339878257137854119
20669798, 2079828638977670240
8927126, 5534372854167779607
939284, 17387084501187696149
7750013, 125582920905531173
2739328, 13805701206694333230
27979442, 17743724088697170041
9260089, 8778469603091239750
16257642, 3065227664029444658
21413090, 14323749418683141668
19755871, 15319880762155215257
16389504, 5533495290012100439
10800640, 5042257084152525437
12918073, 6514896032247901727
14487996, 11456985759775750052
1470779, 546121800726018055
12801321, 15125714925738211577
13546182, 13066203610409786721
28522242, 6495351444424800224
1317844, 4641894820072342648
14093723, 1629294808908774693
14664498, 1075123937474423232
12671807, 15782344355510213274
30704659, 8741402897417526644
1612138, 6929384264416962261
9214183, 3821586916165588853
23389512, 14967706831104217392
10311761, 15305686680993456409
8694089, 15490574582059917036
2969620, 10195940945304938607
660383, 3539149710379494775
12941451, 3814009316987678112
20948978, 16057751149152360396
5964683, 5745023938097859501
560467, 16963076943428726384
2525976, 12473242802825530023
4734121, 15005334441162826233
2595390, 7204088026664791738
3095992, 6066356057770047280
23848803, 7474354418282937338
22762053, 3151667770604140532
6249315, 9716266219362009938
9901933, 8248999308936369120
1967498, 12772839851503063507
5803537, 11137081590218383017
7176102, 16984319847898827459
5722144, 17615250981276157136
13053674, 2947246498509263796
18475407, 5470063620752346661
3348363, 3168653344571320336
2974172, 7966426293876613030
2753487, 10852531499662236343
30796943, 16756860737295174390
6976376, 2283232710000374309
18559202, 10109691795054758196
16141423, 5614318655449324742
23938928, 17061108796727273666
1904660, 3819089846814724901
13492398, 988504599535884271
27177775, 15875013008825894282
16113528, 12390758758945004689
8038399, 17172376368273253226
13745899, 3949303455631040356
10971351, 13638258190195128548
10316526, 8869009389574743000
7442335, 15178501290592082686
25719821, 14687873283528443873
24660454, 2295757187027817537
2373283, 16750556812085111056
16270760, 13253874559386213891
12877196, 12394605287002959207
15480818, 14038965111957602323
1344929, 433980668310404310
15965615, 690360041058929478
22434066, 9004830929327823076
17213610, 4652073812975168279
26660747, 17023250080327592048
30962664, 12262720422417876946
3671524, 16575936372769215036
11585614, 2648099825024020614
1132546, 10448574135799631274
30767162, 703251819975612781
11695065, 8926893317463006875
2010512, 207726899883425065
15879786, 15016691366718268712
27962417, 7433454267675870680
28422538, 1776000321003956793
7514249, 75732339510912648
23082760, 8653910852680498772
18091456, 16329254127230248243
3829299, 2784097940236630998
3260586, 11943714650678781374
149901, 13172274364357220654
29826942, 6293020625088868154
27424409, 9334633703526659369
9003427, 5720483511506449256
18003806, 13046905441565193020
24374455, 10907046189356026640
24969189, 14785703968776933111
16537399, 11500618903236455403
13786632, 13874760519138247982
13847289, 16709297462099519553
25618630, 15664323982887868354
22490338, 4160159917869524476
27060270, 150203413881805831
17954298, 718365989061778876
22176729, 11602132720160251217
31022041, 14543366287039706305
12762748, 9024446724730476794
16726497, 13638549456051959337
5357285, 219344891179992916
12833405, 6595100522768764453
16774155, 12700499539385066938
17437025, 2977522486689246335
7829827, 11281434350801109387
17096438, 18256608439756800546
26505619, 8024555392378958520
22196121, 6232545053501935146
16002336, 1824933486142586290
2882128, 9981804696629734837
3004388, 17386638513161691160
12686072, 13521378241845689938
1394814, 7586023376930459116
15830415, 1285163235177237094
30555350, 12056917159025061319
10700571, 4008053002675382369
15220186, 2310771379913881653
11979290, 15769753086844093362
10362337, 8071981884804775349
27842746, 4192968255074446763
17174613, 1905407997107115420
21534887, 16947412464509807864
30705725, 7033690067147375941
6153134, 12490737522369235525
6981519, 6167261300104847786
6733985, 6423383402270676952
24405595, 4751797183685426447
26386440, 6148015801784448851
8170641, 4102236088733042086
29842214, 18399415352209968433
30619666, 3503217708665802481
29761868, 12311351234421651261
15600789, 16009492324452350376
17656378, 704431684646389912
16528482, 3304096311000183364
1548645, 11455858627272235201
13360787, 10736424542750408406
31238034, 13624334081176087274
30082131, 2742861364017451716
5653780, 2445887575983160873
9372138, 7075525847793623165
30805574, 4677691339244184215
27016616, 2648866463688988953
28614956, 7811978492300702080
433617, 6025247426822788911
1473832, 18318795988375813437
10558066, 8746930662324566247
29967671, 15276558995932322582
24113087, 9279923481924484841
23338157, 5294427302720122054
21559635, 11537288634082149968
17142422, 12851813877070738039
5294404, 3228891737620358298
8590386, 10356974464032275464
17887488, 5129591422317990582
3333737, 14669641811364297933
24016413, 18251066331217294027
20081950, 4807300553768627402
14194477, 18274062828115351705
8456058, 3383770700227630006
3974557, 11964579748475370936
23069363, 14526044663398432336
15002159, 12965834091849662397
28469753, 16318870132659285423
3809737, 15619617952004566339
26235534, 576987586649822657
30107321, 14821702942467166568
25245923, 15966870347524726717
30256743, 1108084030426240695
21192188, 10559878302422994923
21985542, 4908482819894500376
15780941, 6449266635338868655
30856551, 18034299441190267455
7806396, 1574845082914433373
28159124, 11624593214929913966
9532237, 7006041761659684101
14659137, 4954079869253841279
28004733, 5862803507593893942
21171872, 4661218977411523969
25903084, 15697849491976618615
6826640, 6937897454720060810
815643, 8846164153931264563
5365166, 6445554953616726272
30630499, 2811748684190198854
26427083, 4165633514089653231
23864390, 16206778650961072707
1935389, 10296704994184805795
30202071, 5548230213475581807
16486713, 3915783259044397362
26255270, 9407993602157468435
14560458, 2242503273431550991
5642752, 3749793826342000000
28926936, 8297655804149044731
13496239, 9815087622221041792
28275632, 5412657851903082062
24444666, 10445356437425221479
29279501, 77048756881094972
6657177, 4495289786623635350
12786259, 3877918841266913413
21780872, 6826348158925572714
2173474, 2882048585745858431
10035810, 9802496317306224700
6953786, 11932345296966104842
26120157, 7675829618629265091
5912960, 12427541845190304586
29916013, 6032710313449267075
25620276, 14301906418057031717
1181113, 6116964446199732217
14732200, 4644826143424818376
117777, 51262133113133826
11755053, 905555157503496044
30370550, 1754206268838904867
12671393, 10019355708872150633
22155025, 18221397248859398218
17960811, 8722740721531344258
17979064, 3766825248317696780
18652582, 18125971535956426862
27853784, 13183009198634349945
10082255, 9715633460686881142
10198511, 17524344413524838339
12271427, 15176432657531230774
29293107, 289851373789543039
3923275, 2436227512586750619
9342507, 14663460787922566041
1350134, 11998505658233114797
5094541, 5172449450750716431
21492246, 9785585277980087139
10310441, 16987932294670626666
18836974, 1114056440026095901
8095683, 15085133622678031009
4138782, 17044942885632675036
8965307, 7907126645491471907
16154404, 14737445189855322429
14736534, 4407783716103323972
19471817, 3045128720088929085
24525700, 2722944927676076275
26512574, 1396195958444508996
1216021, 16634404161029709339
55038, 18036863457745560859
8355401, 16847700531512352021
2686957, 11008682884075810520
19218062, 13961080357251221791
5054081, 7119042989857831053
24346601, 1461347593669208425
30550641, 9522879729156853742
19962631, 7101125610069405950
22612582, 17671966834508055353
8233687, 5981256102111902751
2780081, 15896821781319502716
26265109, 14523674307954281139
25936997, 10362792869986949737
3811361, 10995708463776156379
29738407, 9193829332072886850
31038675, 1826536268520753956
5386759, 7542563485609333955
12392203, 15869959318488655918
866086, 9311123843931669973
3209099, 3585691104322618539
18528000, 7275930781517615099
4275697, 15788283398117870324
24615843, 2453396951948575009
28747531, 8124183096973850630
27916214, 9377224102562040196
22782325, 4454664133267459254
13949376, 9295395143885126505
15446497, 6435442519265202965
22951204, 9125301643305057941
26030280, 398220918144949763
2020825, 12514721893964216172
6188690, 2350732569832129314
27292286, 18359770926369995930
16564630, 13600304418258388435
30509895, 2362206257288737954
21039865, 12113062267677424471
14610054, 9153206218642876433
12013707, 14380276607916678557
22989859, 11547913740814533260
16048294, 17369218505631876218
29086594, 8831353190657365978
24364400, 17471971530076118275
18088278, 10049431791198012970
9210473, 17552413538372074964
12802256, 13673541637548852550
19697904, 4720908092204195153
4196106, 9209753272267194611
9935151, 10092168379810437958
684245, 733963732672107428
24217975, 15912928332165049909
20332080, 4101490305577742514
9249573, 6495802104898332764
17009226, 13920375844270414200
13545823, 5544310370521917419
4887220, 15035316902264582155
2091289, 10090065718333560870
12155762, 13930914987890934702
24077724, 2349863800789059786
5929159, 7845609253491756716
30900114, 16109777469350963681
10619520, 4282787282174482649
25281843, 18391486796426894026
13385783, 11469122330733796114
9743724, 7511995390346392793
20759483, 14101334013678034023
26466596, 8305011019586902663
31021941, 10754132188512330915
2305770, 1884555063733548433
26179140, 2416636604477998345
447834, 1332844015059100299
2130210, 16532283276980286779
17395908, 1802456086435314050
16222369, 18398393759120198135
25154020, 11293027839661030931
13733410, 7167857333581434357
28156509, 8910767919652944148
30054873, 8407636849509293666
21010552, 16964735192267760083
25510583, 16659121641325793950
20769340, 462593816461818840
4704956, 2070968017395339306
17772423, 8246302628097802296
4101170, 7644689918775827424
30244191, 13011958320196952082
10778461, 12900833607504672462
8501450, 10630818275202669603
29106306, 14450512612805254219
7118948, 9035540885566224326
11381136, 6699558612496511626
4859721, 10136107781311927294
27471518, 9531397696816421421
4341284, 3013175771468027599
711888, 3112881550076334624
19979089, 10757093849700738258
18210016, 4064275147935038877
9085902, 12538751099794318441
501576, 10500437249356798549
11268024, 4286001518789493452
13405297, 2916484647305882672
26019456, 11676727756886266879
11368510, 12729218835212921748
31094839, 8605763353677003389
13695879, 5014185417030026955
19242045, 6830232406623797224
21642849, 18210928627149409700
5927330, 16887927782334768178
15816389, 10981111275571011979
13024125, 2700882901856648982
11549489, 10288839736299546060
13855236, 2552743276223301264
6916787, 44677665269852714
28722383, 4922746394279831276
15954030, 2316466702813757769
17092659, 4113446230758416919
29275230, 2841255637608652439
11231271, 9884004090602478486
15802092, 15154934193948364358
1006771, 10952436763820129699
6322325, 7601920088658359246
6832956, 7687534128886375282
23601769, 10147705410349225952
31107005, 17330956985991836260
1160039, 5000892621714931547
23713944, 7645173687770995100
21654940, 6439644509354716366
3279685, 632515063576432951
2211546, 14004021248562997731
16916937, 9982871933985944463
22574573, 1604395097456293278
5791940, 13477983136354597246
17925594, 8793630894490029997
9589672, 9170638833167691058
14155954, 17590769581689206162
16718695, 11379955880476239383
7827747, 12474130971967600837
27058087, 17782683153796616325
21229361, 10165632583393461138
20986906, 3380746515152106421
16944879, 4397167856095084092
10311320, 16182970869027716482
28033678, 7989489396156298537
8740303, 16639760542080817729
935319, 10786503651540167937
27686615, 3740106183413546299
616966, 6281129005083053772
20462529, 4061769631811034990
12788883, 10340876538890164242
16239974, 7931963121758411944
19068178, 9972464082965388134
243179, 12649610430563726100
52640, 2304007183318418661
18794354, 13623321177227398830
21320221, 3502665276208991027
17517318, 18206995635349538300
6571019, 8758237520768748912
8798086, 17805491648976701412
24951693, 5368927075984130160
7669387, 4797376756571844363
17476912, 15147401619756112089
27581991, 13181443757856113851
30025511, 12291731050920372191
1716589, 14701432564997966496
8616890, 17051699935353529840
30755138, 1238857301041061310
12535970, 11880473134656650378
10768837, 2250127055495688742
31318400, 12033320137718524651
3537735, 16614146175727742720
9915600, 406639994604770191
23332147, 5042518620237358310
3468158, 16822877092385394320
21975676, 1130581345635778776
17186111, 12432024802818759421
25036561, 6946314325582829913
5898044, 4405846153695420908
22554175, 11375205337323184406
20425458, 6364486939846221862
23369457, 1646411366364405484
12848383, 16827494869777779280
18994188, 1211686597227234422
15060976, 14517559216869443615
5278806, 17467197586525668773
22541370, 8582693340896592771
27313649, 17600761498290833974
20532473, 3478659192933908986
23649143, 5790760167197402929
25190836, 12212626394723906550
22603663, 16215292833209266339
2103517, 13358711562431803723
1157478, 13370777109530520339
1248981, 214380916261951843
28320523, 10321405778226911994
5652381, 3927700893202868200
781129, 13243838149848688836
14600138, 5292835383744883554
27563906, 6505097243787419333
12112110, 6151426072436947413
9477484, 10517507680761317441
10007849, 2414399460526623103
18404850, 2784067955583233356
14348486, 12835135145813767452
12978260, 5379733662718043545
22453188, 8896740037968543797
3766676, 9296178837218267315
28433888, 15410428823871211010
19439204, 17494443425984350482
31137817, 10018607846684004135
9955343, 17799503814918008248
12759824, 15989344318828603387
20078232, 11067235595283698309
28411028, 13628604492302292452
14346716, 4580742512441098239
18444156, 4443656905631201385
12624993, 17227094408603384626
5734063, 1594357633998743908
27911332, 16496676887784344765
8051732, 6633965023431554724
30137953, 6951988235837132588
23616399, 1480122141087224567
23673444, 5793509592166591308
25690617, 11191533844656226246
23438233, 6874616958346947599
22708103, 6529415714153408042
21066432, 12233850063710753042
7133238, 17353512017607689370
22261313, 3409544623285272527
25945027, 2228781024106597476
18655142, 8865334236974077665
10814718, 12109551909801554535
9070592, 1006845500459917138
8672092, 9088896225510437793
13301907, 15305294172463802229
13516954, 5987356967861508794
25701159, 1551616525632346692
5916456, 15461383467739444853
16492553, 5669300382250131974
15995997, 8350434194807297695
23960316, 81214058926002180
30965161, 8681550665466385523
22582214, 17731826033942884414
30621522, 7803462574061649571
6469147, 15946541761375587489
13124996, 9307248781123018356
19754992, 2121893753368117612
4085130, 16411725955674575841
9878266, 8974373003020102927
2394767, 1977354555889726616
6087126, 196318029667476561
20608155, 15148271672882881461
6855749, 4719050697666355228
5207548, 567264611500626872
12607044, 5719330621650338684
1748012, 10051497644014360033
26612555, 9209399854301097458
11522334, 16288316596063639661
5898296, 8808128717356156135
29953899, 1496955203762638515
14267217, 15082584398709552212
19588858, 10749287099052400275
19586155, 7717071903020886539
5907344, 4383507559447462555
10684059, 2499341352267358695
25848338, 17792702749646598915
10302503, 1504938415622885741
5211329, 13285405804392596240
28286707, 15722029202940079316
29892797, 9290391304106920847
4887375, 1252596411484047996
17825558, 4634357179481234429
18120280, 8990756912470934243
19375077, 11938107131482042066
15063209, 1987689556025806138
24408591, 12070923219966941360
25121124, 18157866630928043147
24903298, 9785740302392334952
10641746, 4849539935160512482
11155470, 11020852149292989039
6129166, 14530553619354751490
31240161, 9989111535664346355
418516, 936899544015884407
5235445, 5693817744243412621
11902824, 4359937450526044374
8774484, 7211409478868183760
31225031, 7151351384831652781
7515644, 15453533916135451378
5360852, 4690495459789481595
27258949, 11549168556452230966
1471662, 3524811633077356333
25096075, 5611488056568716388
21742154, 7744063829175177618
176300, 11644345424694084466
25860164, 7438810062898045110
5836712, 9796454527066417202
8552336, 14615570787324569589
20191616, 5468108206576362622
27861242, 11187363892784485843
6672850, 9069372439810652430
9342228, 15598854124397049326
2285401, 15005185776052646076
19288577, 4329744740793796826
27362602, 8976088560619041578
20788861, 10063507588722239756
11224819, 3239627195831508782
26391688, 25451761368263830
15668741, 2776201952510130354
21473938, 16950989426723019787
6658516, 15563314907361839224
9569820, 16899511377273300404
19006315, 9278820840729489153
10778913, 16619756062304101405
5564199, 16762722794397271754
25580018, 3799683783167137685
28983039, 13471270248604778307
15586500, 1182487299260996654
25763872, 7752352689868134403
21972181, 8370093866050585681
27938265, 12428410679980716174
23287192, 10917368918414703704
14098303, 15796756178459758012
987621, 3542982744045572943
19980069, 9542141989215824521
8217628, 11196129611537109822
18011547, 11611994073753602295
28239559, 8110476362368833326
29833000, 2633247860977428450
11110700, 4732688868071204844
28406645, 18141294278254798991
2119103, 8215235160716215960
8475747, 5795755124987880172
21930429, 9295994278405589213
11415212, 9341639902242631429
7497083, 8871517930652803289
25237238, 9179743346364103532
29999824, 12760717792819446546
10211122, 6653539812323640926
17654084, 1742775739344008362
18374328, 278582914407278303
17371210, 10993696386617096675
1448209, 17716644545142832435
5634810, 1570372063640123451
26557252, 10571396316011020971
26294645, 3385245207839262607
3746039, 13251215098956211756
30477713, 7960651541216913175
15109460, 6683650066545733527
12360384, 15696881166997242918
6929515, 14407154732248496414
28977160, 8927315764163987433
1769459, 5139788749942837482
21705742, 14340120716951238746
25802621, 726651223984531634
17145394, 3019415887591263983
19882883, 14869450707879978992
26994340, 18168448203218486578
16365198, 11263321633133541798
12340829, 4933719223729149724
9999008, 15857289192746371188
26749317, 8555077657397258704
6294314, 14940390492815704169
2730269, 14583344431030059036
8141824, 15138808046988007289
19368055, 9421954592341946232
29343558, 12100271498958607443
5051570, 2639958018490035053
26777215, 4449394041169303117
30169614, 7906550070525936416
30772543, 16809637694442870362
12300528, 259841740080541431
19871216, 13257313119616007813
27685135, 2122899720299432829
2448134, 2700530567709636585
3537804, 5050692868927108685
28714182, 6902996473171715214
24399277, 1002519924474290987
10923583, 15550802727055192580
159619, 4620075040760166453
31359452, 7215260366013455180
25234200, 13997707894193300861
10569807, 12135068819168022871
18955548, 8851842567982861217
22757646, 10072666068977946365
27547414, 14956844975713160445
26023782, 16294714444908273285
8366555, 6841971906382406501
28233712, 2323968435144807009
26729922, 6743319411231249380
11598136, 3260192520050744812
1596991, 15379435321768927934
8076112, 12101927812896973710
3023543, 5440434849874795121
12297046, 7916918644287216512
1016450, 6747877470471984370
22687174, 10064938211149238295
26043182, 15559863220806936882
11217050, 8582874458609035759
29133245, 5360272604593428354
692984, 4021793262939311871
13296188, 12922735880259148715
4855152, 415350348355444177
13582587, 2731236260602970454
29727, 4474963862015476589
11183899, 9211818969446560496
16197001, 7796065243257602748
1537130, 17672496242619731817
27447840, 4505853462368702790
1893226, 11845794982119530670
5141393, 13237296882316760351
15482059, 9019713302960830750
16021482, 12132213395939590102
11190321, 10030690490879442257
28732619, 5287437279948232138
29700751, 4796749656172584312
27712684, 2998734516373749774
27244696, 14409582345893912753
20232740, 7773819433918752489
22230236, 8078966354285577456
20165659, 5277609190826478697
11959188, 1341309187583858045
29515417, 5579087524272967564
19455319, 17998132709227590837
23141436, 17662862605866730774
31383257, 3432206610553560414
3421670, 6740126844387258527
3929050, 1274636682796623090
8437431, 16390854102186884078
2140815, 484780247052039349
8642800, 7086590500212999892
4585565, 9552006138254726643
2432014, 643875981077733048
10383804, 3221241661263097575
8994231, 844326483306911017
27167329, 12281658022711569239
5618952, 6668522135380743365
16741409, 2080124204525558266
22630756, 4014257901796645982
14320586, 1473546738014395943
10979860, 17902347132182361206
7740433, 14532230524672195341
29020354, 8370868756616451614
15599154, 6548613339983040884
28469148, 5518763260337764436
25903219, 10197824505828660177
15952968, 11037176992898167822
22110184, 5253444830307258402
29804728, 18339808529637930519
12574941, 10431648511820358540
30141437, 1638320663430946102
6145756, 6089730696752919273
18245185, 8798570893850747484
8266969, 17842538810504876215
13060552, 6005821160417502693
28111575, 10824843162217264934
15148572, 12272095013446075402
20679229, 5822390680794792611
13606486, 8344549034653746478
21315117, 14470671762336382634
15960042, 14525506497700451279
28573534, 17742543773341124108
20313782, 9430945898797548825
7866590, 7353628240632736244
14957474, 339353690591765362
584358, 6604619099267672634
4344665, 18177144468389413250
5997636, 154244582788559152
6321505, 9796168511646823692
1640286, 289415512404419561
7004683, 4737771287953008043
18377973, 3091347273743461167
28402715, 8191592299733034272
17001185, 11121730982934283185
2715912, 192020429616212685
31210475, 2130573266347816042
1374178, 10749364905538729515
24401921, 7984075518119544443
25571283, 8763097826489530073
27576763, 6947156860062927588
12856253, 17437265242841162664
10294882, 330307729715335691
20804112, 7323750658093259346
24154957, 14510368059319493726
1602088, 13889191110145642395
4636001, 1796091877029065633
5812956, 10628687068439757983
25060222, 3910325910154762998
15177676, 16461648777854035271
13107649, 8285597985807990164
11580626, 7386590666875361168
12766050, 4586756599388754639
20260522, 17321342682458552400
25073066, 14482105094755900141
11571788, 16212728085582661913
16158440, 7501811755752553103
5117079, 13766860810646698092
4058942, 14994663114618573287
28799291, 15081537194339451674
17808941, 16579331324404298900
20032971, 2592928493736629634
21133317, 11468189302447661200
4205781, 853551303638239591
26150757, 5202871993487037917
4374990, 12864454697541172554
7338259, 14278562625650896711
11010012, 7455566672083491764
9495403, 852816173443362046
30642369, 836883528106935929
12839864, 5333302077642120946
19731124, 18395200457297504967
3192035, 16276237414603683691
9641672, 990811480801066152
27693498, 16802826844995841117
19589102, 13945925987558214365
29895073, 976796273287063906
14763630, 11958746784683379005
23020670, 7361873581048253803
20856533, 13055189520794769600
15633512, 3181315575867001555
8427030, 10627522844167501188
20384405, 1856362856272508141
20143620, 13017583834464220869
25486614, 9916651959901360095
15683027, 13358425079846156157
13699195, 2301853896214779757
6735531, 9442654487305587052
18640724, 11334261119204959327
23690443, 6702816582555932869
10061361, 9282833749341071048
22329790, 1791218133728273393
24811219, 17003558745173503268
5518065, 1515253903822366356
603594, 17255641437253011844
28173936, 13080722774856175072
17184869, 3765134665112621020
2090896, 4991288160678415750
8009514, 1744474829921696925
27425091, 15533506920651552621
25730059, 9626130078558074225
9109176, 16824315284771361975
10699743, 3218084189108910195
4903461, 924100852389710544
23907220, 4007384415905595282
696285, 11342551130812606422
5178660, 1048286755240455996
2027059, 12888819973116408512
11961875, 11678638504193984580
3918706, 6938189109538770909
29892625, 9906768957249774124
25309634, 15187381398997994877
23554200, 4289794065175025042
14519871, 15150990678150936835
20130130, 4852346341483223875
8077147, 11257796569240784109
18758647, 16757462996308242315
26431528, 4114151759694909474
23851045, 166288771612300746
16901168, 14350317438945904176
29426950, 15876573097370163461
27102694, 7577852295230587853
13160503, 14572776844844223379
5787327, 3485344431620869630
6363438, 15177773938441387493
16984464, 10498648493974323335
30002100, 3639705158357403554
2532165, 13782312860587679595
7710767, 7482665224644808297
9508905, 10593743575904974769
4314371, 6739756638786685591
8202441, 17437907456489875389
29673456, 8976364536490102375
17130471, 17865544242444755951
17125604, 11545567916020182481
30188242, 4296060799921162326
22579684, 13649790412299617972
10532775, 7636459593278070797
19010982, 7575444987479769700
13713151, 8209735630973719113
5564770, 5697317595981751029
14956755, 5727565965315486653
22317497, 11981409149403336085
3401010, 3947835978284348612
11884679, 9567363283753293922
16717100, 2054120971796121084
4796349, 8787120347673412804
27388418, 6741272973639533804
12032434, 5014321776708564490
23477810, 12036673215102836527
26326398, 9729232320171803337
8318663, 23530316242590221
6852077, 10525767600386732831
27610285, 15932459194855081419
2982443, 4597767367837923199
15047773, 2052448462912491734
22468114, 7261784291863452048
20040020, 1327317728995982219
23558439, 984956060059739683
29395698, 14774326040312745500
21223185, 4414222910787956476
8019252, 15043618612421487773
27482494, 16897290648877203342
16264626, 3814318497047640315
10519745, 16016593074707137085
22357940, 8252515928876029373
6946701, 9099089875372825881
14367398, 2670521839052775857
21795729, 8180400867558580826
5422285, 7017475519309061714
9809015, 7272283318216058323
30424849, 2401757927986687167
14993895, 1573635840557606815
6033616, 3102274981951348421
175306, 13507528837495695322
30835660, 2657514364500640829
17959415, 5186466900107944449
10528115, 14737494411492643604
21749039, 944318289923087112
11121452, 10634392757033062797
12828636, 14123144008587486100
17134562, 13417131107436356560
17229268, 18211727247608191737
13865214, 16494311595414666467
246728, 13430705632119682509
15252912, 7872031644695739797
2928927, 18155630052245582858
17731997, 14121130978799321465
15388091, 4756613074046464946
28287882, 12587104208652282331
23066577, 14061922163341400178
9425021, 14632952630394631429
28063437, 4122705869900483388
11329754, 2823433330817845736
1117256, 9123177335738226410
18722537, 13343300351137031190
30364940, 12090557244659417703
29919051, 10260934950353904470
30064214, 18444124907188422209
12592568, 12997415393388353380
27495206, 9345516640715105809
4228804, 6489394479234766229
1909144, 12279923800179702993
18775248, 17571844079045279152
30555549, 483196015059544664
13722341, 10186691341643155377
18870156, 9615567769508683895
6415017, 17065309505404279485
11954257, 3152283373184469158
17984446, 15532842837290494112
13630393, 17230562903892134419
29620470, 15101674323102643286
24500263, 15466870719117120720
1448511, 17103140686145129424
23342520, 9891459471828626569
22108173, 15144708392528590314
14890019, 6484781458433386135
8137906, 4065221862040818392
12968665, 6714360345106068552
7561925, 10809705227516428244
8234377, 11360696025713594673
16302478, 13746583798246078332
30054299, 2079804331219065414
19406507, 12397084612710188452
2546378, 9278510674410318416
714413, 13384891312736152578
24602199, 11367120598569603379
20413287, 16780206489275193313
25251870, 15962253428367113504
18338095, 6115582204028987104
21356465, 138050211968702217
14420342, 1073580634914060439
25167892, 15829510856076091755
28096820, 15077310227493530405
6634048, 15925990436527440973
11103814, 7436856063905326142
30037027, 7465341714888322875
7424511, 7721888489987046734
6026368, 11944051387077853364
12138840, 1837166146159267545
5242186, 17519266559941754824
5943179, 4630334947622146710
838081, 17356545762410974499
24861534, 16090544901064040965
12964569, 11585546115481701324
30380635, 10567282480555075955
29174208, 8527858434140877072
19102150, 7011181301547481560
7999720, 377000268724413049
26726186, 65010419307982961
6052251, 18186150593553092789
4406735, 5510918216409742117
30149183, 8831722642557876682
2068562, 2023400096471380088
16769887, 4171026293850475294
4828454, 831034359044813426
13326078, 17617270958865573763
3740089, 7704004841939358163
27159816, 13761145001888952670
21888114, 1967517815264931729
22162456, 13523581144986538573
11443878, 4933380882307663981
8709100, 5579344634768865223
3619372, 1579106264994437497
1238747, 4646602355784527715
10207162, 228820158816064236
12928792, 1708515432927592355
6494180, 8373213239146941864
13937977, 17162295272450747474
27022664, 9033970843732966244
12944735, 2482835551746304710
5917046, 9154835172134936306
5469285, 12788432917134429264
2457127, 10316077964765445435
20841801, 14540611515557176077
11764896, 17909511181199851061
20210392, 4604421541838237448
23542669, 5740559253110115879
28457133, 13912972115381186615
18015985, 7572603008855410211
26161172, 13877251891811222805
8009694, 9929148189504936408
17781512, 16461711632220101180
2711527, 2066569631558304197
4385845, 11185405535715827303
22240739, 11154455223233060284
22753094, 8837351592466463192
2131169, 12352482437649190433
31220076, 7686074536040031342
12631221, 9576862190043684263
47402, 10958766755822553189
29768304, 15439036964450310844
24837840, 5864588985170972491
5293972, 13441378159703801220
22762301, 11373825302639104741
28194278, 5420570366470823392
21140670, 5182149636005260212
29365279, 6714135167156710310
19048477, 903053038177099962
25504430, 9298450943296183845
23417131, 16631657271222668413
28623386, 3235965971354398033
13853066, 2182937659892667170
26060787, 9175473975925352085
5935811, 4030897381184223703
27346984, 8701534842598636023
25924569, 15457075990451705678
13892982, 15035751890603417751
12077525, 14689430613421019442
17422895, 13734093647170126813
9980200, 14970190628869575330
19181509, 11794095400094453292
26813912, 14756069099971646083
7001652, 117129666934236307
13511969, 10041928077021415550
6434464, 5901438287168009337
14797517, 4128249206224462718
1404187, 11572024298199547637
8757119, 6802726769930526785
29283506, 2703092216633247842
29279024, 18166037613711945580
16659169, 15134779979674852582
15489320, 14044972299870116846
26408648, 10533576806630870169
13899687, 12937518939042975131
24729872, 2199619393177017056
9874260, 13491908072862176104
30246624, 2194295985260368436
7056866, 8809771782503246859
4477854, 16298324021576559295
3701541, 4643425287097497554
14754361, 5452002239377841960
4404519, 896633357000295311
25983405, 2777204463099110918
2927584, 3713181190377087773
6324651, 7917682566836864447
17715201, 17553411229561619819
31302400, 17042180182402532802
7311599, 7194600753908636034
13427114, 4812766554692100412
20059352, 15337991157924725403
10364508, 13427157352488982940
653588, 8798321271347714861
23366486, 4286081732049112354
27159312, 15273737497185134838
10054379, 7605537019993437722
21579670, 2597855427859931274
28747148, 12427099593735497771
19454025, 7093916906464703620
2977279, 4922155165560300819
3257013, 10002548746917369198
9705473, 10153264590362475297
28798387, 15073093287442365853
4483141, 5275985638958462330
15201425, 13738694995819229820
12312271, 8167207134297535842
7773682, 5408889830376434917
7469328, 16009893636087917372
9607230, 10733928197344872374
26259764, 14211655846405104388
13220593, 3608287956053551195
5423828, 14787896519664173648
3583311, 13969767090498799265
23373556, 11850941707921470239
28892551, 1325564282550992204
29019590, 6838639992467045182
29987037, 13681823079411853154
23978723, 4794442907191290448
7160446, 12844998684461261335
21004358, 8906111766818496322
14594151, 10644040480441262124
17378558, 3714722526613253868
21083356, 8108576115026605469
29297567, 8873280692077116709
9806336, 14213620724295244298
29395696, 13621820102552741230
13385485, 7632111685442567316
30628810, 7536900747029444461
21199441, 7591520104273461164
30185833, 5825828402724990324
1333754, 68927217003270675
7906133, 1352895856518668139
11097385, 11246988767308028601
14317383, 8224204491142169669
26174632, 1090532653725727939
18555849, 9307834346711241393
9979685, 15746281297540572706
6993401, 2334480839951975115
28968539, 3871808667436556036
29558562, 8469930119852663706
28810843, 7810027511388291394
22401908, 16788176004821535337
26030659, 4837919634773225535
20423433, 13604940067764684749
8472997, 10596290960230322782
4076108, 17654294860245707566
25620604, 3382993080451027716
9376060, 18010556938898515642
27019534, 13447051083895815512
5450175, 9742715981427569446
9528754, 14500123911952955672
15388073, 17392025575155607720
1323678, 14564145057036332145
3743131, 619513666624344575
2606023, 7185479386715603987
404564, 1791613273680122339
20384435, 1880725016607558432
8113954, 8507601399888275217
16599376, 7597638373938348493
18103440, 12423837102360615265
25031838, 15034479480369884114
23495835, 18277250560470437596
17424478, 5681892879604704864
3773203, 15782111431554406731
16978493, 15521450019350835831
20474342, 12274906245483271933
1131800, 13499638601735298865
5027390, 4337563671739059717
13738277, 17489272983189367355
19347591, 6686056792261487770
12166759, 7543424036859974065
25996203, 17893441639281387321
2666722, 4025735717934546530
23695127, 6196022080091317067
21108231, 1061452319138341431
16831254, 8808080258010976685
18556221, 906210837337704319
25897427, 6989364227426522910
14202561, 5009033376084972767
3885448, 2628896906393980781
9781891, 5286392095890813732
10951568, 15341609308346742737
19807378, 10895901566848378901
30070078, 15313376505425822909
25648391, 16074611540854219935
7299219, 18124299812688887424
26443961, 13223846322621211745
11876940, 11406496962578291998
23450864, 6509603983411222915
6026372, 8799778311830592139
15977253, 13631259802665649699
25958839, 5344899222455970537
8789308, 15821692415162208904
23644414, 15654360898011802165
24967295, 3937004562148844969
5071731, 8006502859499481739
29612925, 13616703259965110096
22359530, 7394455904415812598
143226, 14694966546773303046
14103781, 161095297060380636
20850695, 16480109123773033794
7088062, 12275548321135724587
30808362, 9997260032915469250
20161760, 13993186189420426796
29459479, 3562106947550368339
17380216, 4209189861930921135
13420400, 708293131433865837
15883709, 10475084364029356197
17504058, 3000418967945244138
11958378, 3828515709436124802
2015471, 12914860370438188258
16573824, 10020907931642800138
27539095, 7528204327472757924
26977120, 13854923021211592949
20152150, 10633526692746937158
12170268, 8802095451154759652
13485157, 1270453998639930714
21486457, 15091832464497379971
13428576, 14136845803130529773
25354425, 4529959768637448778
8361314, 860881372752448340
13195464, 18432950330539540080
24476143, 15679785422554824735
19070776, 9991623770507049987
28132272, 1014033157294645144
30503467, 7576787458902862186
21378136, 5787510893357236018
26362538, 15472279622088342302
6688330, 6849754472225144532
1147940, 17468353701500961053
24985929, 8928337325030394027
13839992, 16755792201577723609
29014807, 16811396415916325915
24580850, 7254761821818942672
16699496, 6907450248683974382
17845941, 9994936704677504596
13772845, 5667964999139960589
4633111, 17299713926986956371
18852638, 18261556473012938937
29455749, 9393065657065871595
19574276, 11564849887312396394
920310, 7684333291242833514
26808601, 4120887180487623250
22933932, 4125309904732860193
30945098, 6030667931929665961
14545651, 8097326251427466394
25365218, 13053522263608333743
20389355, 78541647638788565
28242509, 383870900037619034
21052773, 838008938602603856
5996363, 9989653999612947669
30713722, 3844760223943603354
12551261, 9736296977284371380
17032842, 2452007390983093724
3093810, 9213596953006180877
22541735, 6853128543707737254
24778426, 6760142536345052890
23802226, 11869472348658068286
26736332, 11923456134429120478
3202490, 18307459156702966806
17907146, 16372945333440401892
5555303, 18253671312023957421
17517706, 15525225968510087316
16252784, 12054194908507677209
20962629, 9884205375203824111
7541716, 12525335845969588303
6974072, 643597097530568541
25421675, 14651713329501318328
13764079, 771793702938049761
859177, 17794209223409984194
10604940, 1248580739128507311
4501188, 15840732869623461060
9142250, 1415454995544164429
31279889, 17317697683953503641
137102, 3153051748576714704
30564792, 4322497192642596297
21753440, 6643306700433262413
9485760, 13816849210256284831
22962221, 11279039320346805347
28078209, 3607980171965830143
26311426, 2375941745743476312
4820085, 13407409789889510607
29222500, 11279317123873614375
24640914, 13388069468395234003
19409507, 11616805148488808016
3974520, 16731304062879339178
24565166, 13170132264251266650
15725824, 6700185336141050002
10031050, 5398338444554837612
9271176, 8547226154876321670
12143154, 7091261653486585026
22750463, 17737413311943680651
22742182, 9018277211593042708
21750320, 12159367426817064201
17220714, 5392623155068829143
25160493, 3562160518332010314
9941639, 16797346342513720203
18389724, 2776700120176724512
20687846, 8327686424501210129
16204954, 17542937089407817507
18868132, 12603735932814959263
7293094, 4900645237791272098
1696237, 4075840985115579928
19744132, 15799020423470735921
13640273, 6728767433869216769
2316708, 17087188932969756389
17992435, 7125697501039949173
29786764, 10469051099399477838
21565132, 13642825550901810176
31206015, 15260045989302081722
9325234, 299105832036788735
28215015, 3089287769275310795
4325660, 9204503480754007994
9686541, 3339589488379486481
20523602, 189223463498603479
15783159, 17659140347737827414
13815150, 14683723526961818001
13513610, 8626415860661684991
17679619, 45737616144305042
28207660, 2554814237923226989
30686781, 13325723990404109184
11783217, 14437059438726643310
7043887, 16105423948470857392
14103624, 12823396478071981540
9824634, 4827877928034768379
21133774, 8690221616117225980
7032080, 4734742460714760161
26124429, 1921450726377101062
24414527, 5762614219612406619
17490467, 15462648709820144720
29777577, 10813372463271482680
16061417, 94347003980279421
27691614, 1710260243147679126
26304323, 11049632233570495045
17767483, 10375590186980194139
30121812, 11304798919312875725
6407681, 14425599056024321381
14751256, 15948307864280397744
28141505, 9277710718411999257
23363852, 15150911397571221210
6061883, 12593107530969341603
29209684, 10835274146837468137
21139857, 2739494088059099270
10494234, 9045028749876153455
14694347, 7439976512769471847
7993464, 12649505677357329893
28122243, 18265664884622239941
18937440, 15612934924593824933
2203203, 8060261645766739382
16172378, 10493286369160355995
2106059, 16131338640934647057
11986132, 10060184246837853168
5538908, 17833059899232708958
28041106, 10859966207096252802
30898630, 2511481567217404396
25687790, 6044326922901670284
20130431, 1580032659234097989
24812649, 489975796412940929
6930553, 10305317914298493232
9138234, 2673251042193555307
29787653, 5672992851835313066
5855920, 4744364020976228052
11138262, 9568740119461614645
25298007, 10506491351954798175
1184495, 5456014185436936854
3177758, 7961624596791212958
21347754, 676385308921030661
25250449, 5832401551357358198
24660867, 12096118296171757461
18852255, 13865620031567601707
19475130, 459137123947005624
17328145, 15617817119854335283
12801952, 9732697397336163711
7631625, 1390745459127433295
5881869, 851950449767586883
14497402, 16180630402461434292
12586564, 14906028792480498958
23640235, 1253181236944914436
29756846, 10680329180214494408
14942679, 5374225183305607675
17843410, 12561518581255467212
9869610, 14437795033573805646
4843655, 9094860481149190816
18606209, 12951780746778247312
30414138, 13977059704334495989
10337035, 560293198372844181
28433225, 13725966337889620472
8795065, 3782274904339513865
358819, 11154634592332902689
24790356, 13049394086075983522
26013830, 8560156680917405339
21503968, 14438891195942623631
29243247, 17285098032062265558
9552160, 1414567999370700636
9549095, 16319312075429277334
3966744, 2915224661251649796
6764734, 18372289207499898767
15370408, 12156743815553420593
23497620, 16336498604644063110
21783343, 13110964725404493563
31238635, 16443235644338355713
20412490, 14491039409030717019
16369789, 17571142144209394346
15134984, 9024979236456396210
8965884, 10628619681293220069
26143641, 363585410322601555
28899750, 2717918289075153418
13115962, 10747766795435188655
20344889, 15195323393197077228
27396968, 971229592069390318
22514363, 15625126293519034924
13090127, 10313969225845092120
15928031, 10356550096966255522
17942260, 1401014779533804929
1283240, 14299361460798513986
25173561, 10448405872842775337
31338928, 8269166429386784961
6630564, 5267505451785409844
19300395, 15087635050613802266
12939210, 3688545282185997423
9160478, 16588371709427567686
2440314, 9710748027660576575
1425887, 2427712878368486083
15142109, 6147542336718459872
2776080, 6750748493611473620
12367424, 12077075660527547576
14149993, 8115014729145116570
23734241, 6750733959983508460
27878764, 2470643501369759321
2554216, 6281945330051116264
26329509, 15429897742190441227
25494273, 16616123755003348576
4992229, 309043225578237975
27185038, 13457602836462154255
12231465, 7702699355352232076
18490719, 4204571584468932325
29023052, 14767668636977887559
10119864, 5024811790078675619
31269085, 5013953130474685025
11899684, 16988345853554611156
13315826, 9428236901407899506
13546325, 7797487629004242729
10592216, 4566618390772653241
26637020, 16718298435467559879
12398505, 11344707752787687739
10544769, 4237570221132721592
17697370, 10952191066553260151
3935210, 17460918567497368126
7367337, 13585950351565167996
19973907, 11313669958517043491
6224678, 13943299991707066290
10159794, 7189222277863294413
27980025, 13430747549275109564
14933233, 5036758818626278912
25986648, 4286179571453126678
17797193, 12233495542183714151
20568998, 14373834427754641485
25284451, 13538956046178597456
20963589, 4267245285398637950
1407240, 8713357851571918537
1068296, 10814336720805370037
21654201, 10524608746501848353
28031870, 3976901546824152751
25347000, 9305103008892086918
13388266, 16687377406222278247
5673644, 4670553205017587864
8500507, 10843915933115085411
21649518, 14524985286330574080
10824158, 18174811056440171346
27932018, 13903602877921239567
21882794, 5866230046535193014
13371262, 17829600299280300259
5630520, 4609147981718511635
31270879, 2314215072603567266
5735323, 14159789768017301845
6037619, 5698165113384747526
12271518, 5700114658304305516
3638850, 2555972528343746278
18365268, 10558396690583289224
18580647, 8696682748577516559
26343725, 11284010326539237712
16811662, 13172494457225546405
21218502, 5600225640073090707
10231157, 12174087495968527814
12466880, 1435634966949949439
5993778, 12871221360356923638
23668360, 5083006910301145884
25347298, 2303035030984628193
19214259, 14223424030078015750
31318981, 8829246554186119823
26161036, 4174163502329134539
17178653, 11874749949136902298
13951193, 12163235347675687410
23299538, 3528584117649842572
27726833, 17592872206206013945
7719160, 3215272027331536893
26726386, 440100893239757372
5448643, 15167269519204371030
19774120, 17169230389615371875
19381412, 5427855792849946551
22554693, 10132141943142550453
18099360, 5171434363746529872
15968985, 17189997752598858364
304180, 9917251791744080691
16525302, 16482003104914560849
18192528, 14904268408130254079
15072049, 9966904438967409780
13718025, 7863708477878750932
5270588, 7898495932918209257
15433660, 12171622638633177620
3429141, 12601016063854789505
20232058, 8982190211567995678
7547654, 12241418716288181306
18676556, 10868413726832907366
401059, 17368423769821389340
811253, 15756973844322816075
9301576, 3988815684978630497
3276575, 3319519080149763355
23570645, 219645065211733373
12390768, 6099428714088069863
8900737, 15737063333165950955
16541270, 14977678235373217770
26390873, 15589819451246545493
12003457, 1371052524941047000
15237511, 5776839806418998320
12796126, 16016767882381110230
9572975, 12997999160952016803
2202718, 13096416556718480682
4320446, 5209012742198638368
21162101, 14602880502692187932
29903180, 5553767823632654786
26551085, 4480005215700634171
4073806, 18273170543369916872
7450929, 3546972077404398160
21469664, 1142394727061208858
19316897, 13842354804922269036
31335004, 12101913079626735533
17233898, 5967690056090117599
10108089, 16551251759012545472
30389112, 6230685964183153712
16102304, 17570325025640032707
29340025, 13277860823464906275
16556561, 7470308762717651530
10567522, 303619154890536918
25136529, 2955475539910055625
27780190, 16813848959678855311
23516587, 17659205085882396895
18422298, 13149996039093824968
13546383, 12785224857604277553
2896114, 3679865676211797121
11279398, 1405312733518986432
8493470, 14670523695040563667
6166240, 7961781604732002037
19617563, 7777171295897357634
3415806, 18114045141844490824
7470895, 5032320569094505372
2610147, 12442967501228288885
4899037, 1672201739786494046
11679232, 8034227904228561790
28560752, 10571987227715199562
9460501, 1991965738072647154
23325384, 1152584297637078997
2053742, 1753981270871278209
21657992, 11864534184532120490
19304945, 11863027463241494915
23502456, 3646926133740194137
12686195, 2156367760164198224
13796330, 9659426769629959982
7738378, 10436482175426891251
30170723, 16974518537904598328
26304826, 16295283797577282986
13136813, 14341944796485097045
298625, 6121996666561920360
23526, 15575137690010619295
27208102, 11644755753621034131
12765528, 11346855618841099671
28134970, 9979091721859618205
2181220, 13613858150612721732
26304026, 13496680808897443800
23522220, 17095727475172654679
24207880, 5239790139461686935
28233026, 8486586083008180722
6187862, 12734638850094621251
8273306, 17417194650230362935
26308271, 17190367523804810162
12350681, 6111531098840450155
14340816, 14074551511711865374
22718381, 17815572821885137212
20168555, 11971575781477917642
28246143, 601851529177657932
14105433, 17319138768525798562
16294127, 5361587433157466266
18353656, 7712438633156224994
24849847, 1741359638908552644
10973870, 10793410703054703744
21262313, 17537619975666995588
26271858, 14069464721918996895
31351890, 2916419844844607137
8428051, 4535773576255733304
9136766, 17234361614848768583
22707209, 477252884612202810
12800308, 6040584999566205828
30244688, 1776822333942912628
1099094, 9540665201791273285
26318239, 9470413505931263481
13194243, 17458890246748997154
1656528, 10326110831984045985
24434601, 17386794149699874350
19449575, 2491757187442423218
7549038, 89744400437810353
5501713, 16876517692411099423
5050938, 11272776754514135798
6960897, 15246906296005495261
27905623, 18060179818399297762
7325569, 6197263040743703888
25521848, 14577361366127261554
18056016, 17866949963504725041
10192728, 4546310430074262111
15506826, 10449309568814142420
9518780, 4052089493836801448
2280408, 10428275069518018033
15149628, 2518020355327655210
15137938, 9963940668152235937
17093469, 2094169388098261553
26627988, 15731251433332876894
3691133, 11143155078790483412
6533681, 16079467998452440982
27811796, 10427806801840627429
14863418, 9609558667212754365
197101, 14360650710955594172
15400054, 3288432218281524497
19466546, 6178162963566252876
23555710, 12902342381863166378
9700313, 17570133358057109140
11214254, 13754914688101770958
25896797, 11917562472203653110
26589216, 5104217495545542658
14783995, 15603943101356781375
5296917, 9407660728195610291
4531704, 2886950177998651358
21264513, 11149665835400956340
22259290, 10505900947249620835
15299799, 1428357559830554466
15461220, 8769218497925562709
24986897, 1327400636057524167
20292414, 13076166730986281672
20156388, 1162777857743036004
25998649, 12663990658971766261
28738089, 12270607883760006591
11717644, 1702968362926092046
9667072, 7557719670115932355
2422501, 3664824886336037128
16538952, 14941873757138803817
24001636, 15821294521045964195
19573946, 10811902967793662011
21108120, 4140118240546046990
24405232, 3642770624879593057
26639815, 15028155512084156005
5013935, 14684430440987464275
8072941, 9594486994623605145
23584556, 13891533798310546721
26619718, 16159730917085677141
30155840, 6143469768708090144
20781432, 10520188539515266667
21067863, 5201889445207144338
2259309, 6863020109644110024
21914430, 6346843883617759085
22292656, 7474151338493238893
29299376, 7075397856054834236
12111760, 12838184752537105117
29598480, 16659721010956515197
3400416, 208968056990973174
25148677, 9350152382582705215
24288801, 14901608692060399677
19710267, 12413714000530032749
13467554, 14608404904025867685
18014040, 9192878275752594189
3085974, 12311872000424160514
11152836, 15506565299928500022
4961701, 166634187629178865
16403390, 1979311579868952370
6000193, 4696230505811970394
27962433, 10761383237289961608
12199674, 2459387097128298790
12987620, 9504091838502237965
8995044, 11216014829349107161
28671634, 428473205151975887
15675007, 5166092864160047775
9048026, 5437081699934063014
19166970, 6371211481960329560
4131734, 12241313386349139136
3996799, 13864986591115993122
9501298, 2652472316467710328
18078904, 11626827956216695426
15583624, 5969239852080398533
23496967, 7906693651025092708
27774374, 10766251582412687317
24951560, 3504587246754898965
16833919, 14020961879922638449
21848411, 11020370799849582037
28838165, 18140233423186556288
29928481, 2590075356438932313
30609458, 17390666196483453100
14929359, 4263387860445865856
7212106, 7843389987659686757
23898444, 10017577348193386856
23463434, 7380371554645333299
1361227, 13539638972506267383
15467033, 17782149486183884979
30959452, 10312559701818628843
21689574, 12063595881307066760
13388619, 9008702314190646059
6292748, 5466646529901531362
30913940, 5880434556686499646
11703791, 8991407156169430746
4001437, 395569661984137079
31068685, 17887579660236416515
14875323, 4566063835102522292
30894993, 4376959261817157673
11975152, 17077885768462232627
20677595, 3461747186197129098
11624409, 6702037299825032507
5470494, 6651462507217061092
24212326, 1392052576813202795
27509575, 4435327834918666191
6178087, 15469426615978695419
27141450, 5777679469215315887
11651438, 3465172535644890154
24078500, 10945640012866365040
29791721, 351866278301518975
15935900, 3213550532106505859
1481612, 17349413986011011011
27226981, 580271651040694744
18527905, 550888744671795271
7611083, 944773356135150629
17949943, 10586529740113097290
28370061, 12644255967912207144
21705490, 11685186567467327601
21530822, 14672817888185604112
22172881, 16960201298602885958
3624739, 11797271617528763944
12192928, 3988480715061597900
8926144, 11411211007174828478
15230642, 16451212661851264308
2649684, 7938535519660757780
28184142, 11905507722693565710
9947452, 325445323830849026
