0, 14364
0, 0
0, 55826
0, 0
0, 58536
0, 0
0, 46612
0, 0
0, 17886
0, 0
0, 45257
0, 0
0, 24932
0, 0
0, 64769
0, 0
0, 39024
0, 0
0, 19783
0, 0
0, 56910
0, 0
0, 44173
0, 0
0, 5149
0, 0
0, 57452
0, 0
0, 31978
0, 0
0, 16531
0, 0
0, 14634
0, 0
0, 43631
0, 0
0, 46612
0, 0
0, 18699
0, 0
0, 23848
0, 0
0, 63143
0, 0
0, 58807
0, 0
0, 29810
0, 0
0, 56639
0, 0
0, 3252
0, 0
0, 14905
0, 0
0, 67208
0, 0
0, 8672
0, 0
0, 21951
0, 0
0, 14634
0, 0
0, 18970
0, 0
0, 66395
0, 0
0, 6775
0, 0
0, 18970
0, 0
0, 2710
0, 0
0, 70460
0, 0
0, 50406
0, 0
0, 38211
0, 0
0, 5149
0, 0
0, 67479
0, 0
0, 52574
0, 0
0, 11924
0, 0
0, 15718
0, 0
0, 36043
0, 0
0, 31436
0, 0
0, 67208
0, 0
0, 1626
0, 0
0, 48780
0, 0
0, 71002
0, 0
0, 73170
0, 0
0, 29539
0, 0
0, 43089
0, 0
0, 69918
0, 0
0, 20867
0, 0
0, 38211
0, 0
0, 68834
0, 0
0, 40108
0, 0
0, 3794
0, 0
0, 70731
0, 0
0, 54200
0, 0
0, 51761
0, 0
0, 19241
0, 0
0, 28455
0, 0
0, 8943
0, 0
0, 36043
0, 0
0, 63685
0, 0
0, 0
0, 0
0, 17615
0, 0
0, 19241
0, 0
0, 7046
0, 0
0, 13821
0, 0
0, 2168
0, 0
0, 1897
0, 0
0, 60704
0, 0
0, 62330
0, 0
0, 72899
0, 0
0, 31165
0, 0
0, 67208
0, 0
0, 21680
0, 0
0, 61517
0, 0
0, 69376
0, 0
0, 40379
0, 0
0, 37398
0, 0
0, 57994
0, 0
0, 14092
0, 0
0, 73170
0, 0
0, 6775
0, 0
0, 25203
0, 0
0, 31978
0, 0
0, 21138
0, 0
0, 48509
0, 0
0, 2168
0, 0
0, 0
0, 0
0, 13550
0, 0
0, 69376
0, 0
0, 32520
0, 0
0, 40650
0, 0
0, 10840
0, 0
0, 22493
0, 0
0, 57452
0, 0
0, 54471
0, 0
0, 1355
0, 0
0, 33875
0, 0
0, 45257
0, 0
0, 73170
0, 0
0, 46883
0, 0
0, 12466
0, 0
0, 36585
0, 0
0, 66124
0, 0
0, 46341
0, 0
0, 53116
0, 0
0, 16260
0, 0
0, 20325
0, 0
0, 51219
0, 0
0, 17886
0, 0
0, 28726
0, 0
0, 11924
0, 0
0, 10569
0, 0
0, 23577
0, 0
0, 52303
0, 0
0, 5691
0, 0
0, 48238
0, 0
0, 7317
0, 0
0, 30623
0, 0
0, 23577
0, 0
0, 15176
0, 0
0, 57723
0, 0
0, 27913
0, 0
0, 59078
0, 0
0, 62330
0, 0
0, 38211
0, 0
0, 5691
0, 0
0, 38482
0, 0
0, 21409
0, 0
0, 27370
