0, 51158110862286
0, 49912193771174
0, 363532160729573
0, 23166642806594
0, 127481591074864
0, 242473244703739
0, 182879791245859
0, 262518469559784
0, 308360878323253
0, 394887149398773
0, 238900532793004
0, 271432129387335
0, 129482802380979
0, 150186642449722
0, 68568482958720
0, 2648819680915
0, 369343806826623
0, 31003867909169
0, 54631496588514
0, 74752207902695
0, 313970646810102
0, 359426956078778
0, 157558275245394
0, 127666851226580
0, 261515033719717
0, 206563039453014
0, 350369465813123
0, 70477498633142
0, 187509255267829
0, 121405528022552
0, 132813138135825
0, 253601355067593
0, 357406484849004
0, 258252970085395
0, 337769020900133
0, 158715250012658
0, 345970516183276
0, 266388000058672
0, 56211267501758
0, 152835030811644
0, 204496632052525
0, 242689549526306
0, 260184891186587
0, 192490436676655
0, 172128385215737
0, 47328158158943
0, 256851927789454
0, 75334123908680
0, 181937986801125
0, 176688692581584
0, 194968800074616
0, 287314675326954
0, 234732092046663
0, 13630563233384
0, 258179778087783
0, 159705657272172
0, 157039836736877
0, 293843099629050
0, 104136111026579
0, 178335501324985
0, 258374569075355
0, 7495902547000
0, 92493216008184
0, 357312580068007
0, 7444924829411
0, 395852473766029
0, 8717059965927
0, 357173967230843
0, 262231110918494
0, 264812583311371
0, 323859279928473
0, 42745280098209
0, 36808744575540
0, 47400255776171
0, 237543029162756
0, 75662455192001
0, 183062049497784
0, 241290364519922
0, 104319215400395
0, 244421439741648
0, 304703313018513
0, 221500411179429
0, 34025892911652
0, 52045808826951
0, 294829168208374
0, 358825916403598
0, 23144825012037
0, 121729429418194
0, 114100329947892
0, 233302212360508
0, 7924099964441
0, 305949125599287
0, 265607690072148
0, 183725344687259
0, 341770317319560
0, 252120636156773
0, 386329748329466
0, 278128196578839
0, 293695659476095
0, 236143823773107
0, 263547031587882
0, 75748640188408
0, 131229641262822
0, 75801143967159
0, 89989554496540
0, 354403640517043
0, 22028568868748
0, 199448369871424
0, 193030086644600
0, 321690633606481
0, 376346702759023
0, 129450154034295
0, 33404566170239
0, 365094440057030
0, 61266458753134
0, 318388692169857
0, 126304219051141
0, 309597136083316
0, 102238033179363
0, 60426503278247
0, 217670900832097
0, 197397701504600
0, 208222808501770
0, 199400902603012
0, 110281456952451
0, 262055181772925
0, 171830676058983
0, 339190736665760
0, 28334895749835
0, 180496679742795
0, 185780894257574
0, 261726119531331
0, 94788959781682
0, 297202955683541
0, 227804493863446
0, 39807111910537
0, 87921785124305
0, 35863022566188
0, 281885272370849
0, 386427800224005
0, 234395766547621
0, 207410625412300
0, 177122184330092
0, 201534719841862
0, 307398341955759
0, 372199913209718
0, 67145262063971
0, 148473059239655
0, 50729296067278
0, 199223156288352
0, 369429993163938
0, 170233891780373
0, 294355696506282
0, 342321650243845
0, 329169989502418
0, 264723029282530
0, 31449337889384
0, 73377797116046
0, 244243450297712
0, 31944288139561
0, 340509821998352
0, 135195485766311
0, 392155984560288
0, 374333678966427
0, 43191214627708
0, 268855950933930
0, 243763462334767
0, 15553405556801
0, 11853180013627
0, 311547271212122
0, 89104869871659
0, 64648787644683
0, 95721930239418
0, 210176569754748
0, 273810047664554
0, 99914311566947
0, 387496513253841
0, 12795069922276
0, 175525646262570
0, 9733557134458
0, 103404163343690
0, 391395798188515
0, 75349160055607
0, 109553349767200
0, 327796884153392
0, 361158181212424
0, 310847120630771
0, 56687904642656
0, 295668444825280
0, 311557384625350
0, 215734629290670
0, 100647228952063
0, 241431234310126
0, 211378643009505
0, 23078250782122
0, 12813687289217
0, 156427478951573
0, 141136123042
0, 266216913277145
0, 230711627279897
0, 374241109061512
0, 196585255668435
0, 94510872578029
0, 390626853366116
0, 58277768841687
0, 322584750241106
0, 70768470320957
0, 178316435894503
0, 130081254412659
0, 30273972988408
0, 142650599067278
0, 379991394704151
0, 276213166326894
0, 272607980606483
0, 50573659525556
0, 288973586633068
0, 326857101115544
0, 329343951796111
0, 270851909834033
0, 166816548681517
0, 44488934843059
0, 242027103113709
0, 58820833106383
0, 133683740383103
0, 122100972793238
0, 184763870416532
0, 158298115822253
0, 47821548456969
0, 97467302245144
0, 99458627567464
0, 2331957247403
0, 162018800541592
0, 385149572745703
0, 142487738256336
0, 284518145174920
0, 103453617693857
0, 39354367006866
0, 53033760953835
0, 278822742030063
0, 225301279043541
0, 120605749137765
0, 10153268850849
0, 343789010425381
0, 179177963819788
0, 246690263301424
0, 314294907447680
0, 190669890538396
0, 97533452904769
0, 185050620489924
0, 390691751635555
0, 246100260190403
0, 60891585669382
0, 35399650659032
0, 245141978646214
0, 48338464776101
0, 186017662659514
0, 343206254214519
0, 361026909978266
0, 278314803848249
0, 224308172900718
0, 79907917358635
0, 108907398864172
0, 153795056818063
0, 217722264565338
0, 198495706311976
0, 224684418487818
0, 346655676022937
0, 188385814780195
0, 281549867069109
0, 226691637910545
0, 68636530392330
0, 37626652366028
0, 327338815160144
0, 277933906577314
0, 43634184846471
0, 196617929716217
0, 231146888260577
0, 203286533058243
0, 114528673639209
0, 63553710582826
0, 373928205888136
0, 310563687135595
0, 223450174462360
0, 82371196243757
0, 280617383254745
0, 55343232907665
0, 62748027038929
0, 11358462613696
0, 238109690015874
0, 110428828985491
0, 350583393218272
0, 376326721926042
0, 81199005680143
0, 322156750340660
0, 135812060551992
0, 369807750068174
0, 220616338183662
0, 135664111098168
0, 163726885453797
0, 164090224656954
0, 330909365064044
0, 343282062950462
0, 59603382533656
0, 327909362866534
0, 47836578410191
0, 325447694281298
0, 60091582808244
0, 378086009232993
0, 219467822133165
0, 264964032754043
0, 120340044784537
0, 103881903646998
0, 354391581702131
0, 205105415827228
0, 174086418715965
0, 91041083286567
0, 353606561358646
0, 210890071322371
0, 23698708496453
0, 272830102984424
0, 370238750990642
0, 339440264874789
0, 13484244655934
0, 356958957687193
0, 349546637912487
0, 104888928768787
0, 336312145212125
0, 5205346057130
0, 76405947719603
0, 339039327174992
0, 341339911203881
0, 326378551538757
0, 383317787842326
0, 276694027070813
0, 54543490619802
0, 122275142462906
0, 150869649047772
0, 234813021150643
0, 243209397900670
0, 87250212578580
0, 161702896106088
0, 89695241636446
0, 358063432843957
0, 207149682342082
0, 109006575631202
0, 367203518768471
0, 148094451210868
0, 292901259784128
0, 182280168192827
0, 116123366645236
0, 3825008103737
0, 374772232999542
0, 127097466881727
0, 21127525680896
0, 74778283745999
0, 124721441829749
0, 261251641824936
0, 270684021539220
0, 134252291883439
0, 329962862897995
0, 279531778550738
0, 160560584393818
0, 160489880889478
0, 69028748883386
0, 329226351710064
0, 310038309536578
0, 67025623374191
0, 237195501610424
0, 303646768580540
0, 308332712227410
0, 114282739805618
0, 72532783648108
0, 89529398082432
0, 217740843302313
0, 160432934665992
0, 113335564131399
0, 132005302101800
0, 348653628096333
0, 30561854535851
0, 339298587050931
0, 162380304059854
0, 152598012395673
0, 215171971430313
0, 241504643839709
0, 108003342242498
0, 251572818219560
0, 218197780274090
0, 112013963078707
0, 148733506602635
0, 21822637475237
0, 253284431699460
0, 331922157147675
0, 128996336109918
0, 122665092875016
0, 376388492888272
0, 140928929456775
0, 96670264146770
0, 121756104070686
0, 84829429855213
0, 225868436860253
0, 115343653247597
0, 212425372906329
0, 127854187689511
0, 107627553720204
0, 306510074787300
0, 105493438090571
0, 204486940383318
0, 318592703409670
0, 216686144402524
0, 122214354906560
0, 277501165548670
0, 128559830333556
0, 363565553895367
0, 276682587386566
0, 270488094480353
0, 262846969830846
0, 182031970461008
0, 231019575527755
0, 71358686978623
0, 239840636682928
0, 379044144277021
0, 223706341311235
0, 335164071243115
0, 260461122321538
0, 111345416149338
0, 239005257572575
0, 244355234748962
0, 28334983853290
0, 60070465885269
0, 191302292095076
0, 76940056258139
0, 295008820763863
0, 93199535486382
0, 140001337312735
0, 63634360318868
0, 35233712953114
0, 379755633067482
0, 190663522913997
0, 284517808759856
0, 325501998833369
0, 308514833239244
0, 21374128441131
0, 30971237762574
0, 68699892496915
0, 220518624606607
0, 67904045795570
0, 306415495132835
0, 164305241838468
0, 301390001463071
0, 353097352720702
0, 162865381410116
0, 92034892406642
0, 126388868294884
0, 324352125899151
0, 196420922632107
0, 189253407169496
0, 324356905733195
0, 13438750543671
0, 196336764714887
0, 316734532937089
0, 177544710432160
0, 56564938630865
0, 163003000987023
0, 326420248400917
0, 83104956649169
0, 250744201336164
0, 74629881869599
0, 38674549607547
0, 76443264941549
0, 223441895839727
0, 218041849553738
0, 75026497846489
0, 19064910394247
0, 194887193699631
0, 277456034761771
0, 323420378463331
0, 76047893013465
0, 260237718471588
0, 378472760926684
0, 152509200928783
0, 194527610516908
0, 112990648181135
0, 226449899155057
0, 211163338820563
0, 199024898680162
0, 368227904828573
0, 75459979031688
0, 382009468633237
0, 182246510794174
0, 15304351776632
0, 346728721520930
0, 301098756248452
0, 193986451830175
0, 55034335802087
0, 162922490560428
0, 232397763017829
0, 321160430162769
0, 31733602361345
0, 234528278484006
0, 26501234642998
0, 97619678584509
0, 126972879163118
0, 259021422440361
0, 23111712316880
0, 229168954218435
0, 193632197024249
0, 102507780069401
0, 391486938542956
0, 101794358228352
0, 300108417729714
0, 229028862040509
0, 4355792393131
0, 296645087571763
0, 264641694476645
0, 53809490504592
0, 215117796491851
0, 386139443142293
0, 254370595269694
0, 21341299952617
0, 240138831745663
0, 148700101839667
0, 217473195068795
0, 132753778362762
0, 287359323636022
0, 329557059788045
0, 190417302120403
0, 355574201636789
0, 24743825809945
0, 298385911015387
0, 87906335647636
0, 174773484428166
0, 112339512857594
0, 321751924548037
0, 172211992066923
0, 197687563452564
0, 119588173413895
0, 227588897058189
0, 72681621528820
0, 281397818345438
0, 156260056793833
0, 65844652783744
0, 252977394089108
0, 359534079030844
0, 64621267465958
0, 358519276064341
0, 359559965000437
0, 3245244615251
0, 258947196695363
0, 129735952147017
0, 301224119741688
0, 178457786612418
0, 84873656824592
0, 277143329163926
0, 328545073009640
0, 258318199624963
0, 261057541676526
0, 48987655463804
0, 164647074735552
0, 362306619368578
0, 27203957936020
0, 350267869118802
0, 348690380910373
0, 245965647512153
0, 297062860072587
0, 181586631259702
0, 167179755112831
0, 275245506230421
0, 351509394821036
0, 95903575928363
0, 134729900671531
0, 252481953572831
0, 389481735296002
0, 238557750016259
0, 175518080055848
0, 211625355240461
0, 384639723898172
0, 208627606112019
0, 304938265755683
0, 117319885540632
0, 339546052816357
0, 355021430319029
0, 266432838212725
0, 28049443369428
0, 302984927130457
0, 226749108362393
0, 185269431430519
0, 143232982055585
0, 78585512820482
0, 223189730096369
0, 295767144989488
0, 248705677623502
0, 350831571111536
0, 167742633828974
0, 241796045095857
0, 110200189964587
0, 370879218933053
0, 387105464990650
0, 30645085049608
0, 345621227474572
0, 22778365307023
0, 36352607925299
0, 166273716580353
0, 48664269901215
0, 365812195180491
0, 4958172685528
0, 147627324067010
0, 89023116070777
0, 301532129092458
0, 317783378118993
0, 148197033591267
0, 8176946770365
0, 314616806768221
0, 120143931727259
0, 1225602869865
0, 230601992915005
0, 116980200442124
0, 303961527595520
0, 72235687262733
0, 146968312383480
0, 48184192844310
0, 162952553242183
0, 392215236929818
0, 373366938228782
0, 55435277100493
0, 362787467413437
0, 54835694568194
0, 250360269832428
0, 368522316871957
0, 392442678084110
0, 139579948644550
0, 272286462268853
0, 129156992984905
0, 298779885436579
0, 126613275453500
0, 196155335989897
0, 73412175509115
0, 363851445705797
0, 364183924193987
0, 358036722124346
0, 199092440341595
0, 153986470854581
0, 248998514568003
0, 153310723134348
0, 6656490717896
0, 45788900230267
0, 11770675269577
0, 26734320116998
0, 186703842412553
0, 224416270110521
0, 279387306170544
0, 384863272866996
0, 277525209909308
0, 370906332861098
0, 119541975646609
0, 223511677385536
0, 295210645738547
0, 77660245098726
0, 351390180028643
0, 319275848957821
0, 105230976480796
0, 240777061832946
0, 301293465744969
0, 161011683153788
0, 198636712644717
0, 348279767016553
0, 121031848390551
0, 188928302053913
0, 212491151072389
0, 60960127970402
0, 375358778726167
0, 273734129534854
0, 240367717745940
0, 134426222378805
0, 242647490379693
0, 176362447242986
0, 278519163047184
0, 192603728094136
0, 213764639163397
0, 30469201549653
0, 306695524034686
0, 117391274102078
0, 263343300926835
0, 376199468023526
0, 373869581051897
0, 338883690488556
0, 124836708801187
0, 255738155232440
0, 287055083130490
0, 334497798884496
0, 113729494090976
0, 199605174168948
0, 340215630643818
0, 279855956678572
0, 131409494404923
0, 273016417644565
0, 71774957719668
0, 379436655537506
0, 237180983279457
0, 51763916223141
0, 331185017786351
0, 61769773884973
0, 376391794544415
0, 257291680161805
0, 136536087254200
0, 157510144167631
0, 353970070190188
0, 238332184915835
0, 227720298897816
0, 38189057462517
0, 51798224454310
0, 232628653940062
0, 316381332034174
0, 335095682750855
0, 53927684071425
0, 298179974756071
0, 225104292655701
0, 327073846665953
0, 277143745531307
0, 141563574115414
0, 135742341332660
0, 197144233789167
0, 1730379974618
0, 194206894187247
0, 118918087521596
0, 71562771973254
0, 225098883872933
0, 25181477326611
0, 60044644815840
0, 208625127784499
0, 265779691046430
0, 199848539850172
0, 336501577092042
0, 141913502074907
0, 89904944113113
0, 214727565662762
0, 344663224433831
0, 65187472243962
0, 392801315571683
0, 37996366843914
0, 1070664685929
0, 265654206825946
0, 230710212806237
0, 298668079147607
0, 64227002909185
0, 128322392272730
0, 374659947512381
0, 212770911934102
0, 331889783693906
0, 208327332666545
0, 280439424874184
0, 256093993239336
0, 78533338130852
0, 156960165545250
0, 206084054239933
0, 375825829682440
0, 41204468970431
0, 360166092045610
0, 63615407265311
0, 375807112828960
0, 40031874565869
0, 375381452205934
0, 62974058028461
0, 42666526330470
0, 14544856607703
0, 115456596125474
0, 53854528169387
0, 316157933277398
0, 214734305362573
0, 76627649303649
0, 317441617744219
0, 220363215097303
0, 303164530400802
0, 65231674115218
0, 395666235982626
0, 178595305517432
0, 292597664898427
0, 227489107878042
0, 301263060950646
0, 205907792717742
0, 279408794272734
0, 322753380477551
0, 167915094288363
0, 129375749105181
0, 359251644186386
0, 243981281431351
0, 188859802406667
0, 4465940832015
0, 128277237884712
0, 253265402716310
0, 389217649538512
0, 285823923353593
0, 319175449666160
0, 105643623361603
0, 287864848737360
0, 8171132810077
0, 286449862606062
0, 23051535046843
0, 389128567441537
0, 43200558883045
0, 32615404702854
0, 314938516962469
0, 40066916424932
0, 133168488771985
0, 61968155746121
0, 220946748530474
0, 239828578258256
0, 342306126484721
0, 288268307887010
0, 309285110032605
0, 138453992726715
0, 247206538525883
0, 304071597988572
0, 177214168941131
0, 167698853873553
0, 234528648641009
0, 138719455356073
0, 26344332379245
0, 76052327756651
0, 147375062069059
0, 332875265632755
0, 285529357536679
0, 123718058059622
0, 291653040036369
0, 368898213320543
0, 90356973761606
0, 32090094375793
0, 342727159772991
0, 236136844674877
0, 199046182768945
0, 392540414289394
0, 288226043130258
0, 300920745032105
0, 215089119979703
0, 40835772383721
0, 205861597165881
0, 149012895388665
0, 297113585079966
0, 195441979572042
0, 271391479278664
0, 196767799222656
0, 288386328505166
0, 2174300194721
0, 24736928743144
0, 16191837129603
0, 116321652858289
0, 292893176941109
0, 343573256520882
0, 337268088740670
0, 237456225338662
0, 196327417316492
0, 56102128405626
0, 362604276951322
0, 238096391151845
0, 199780956766931
0, 249922290470531
0, 193110792509891
0, 260839582112512
0, 263781372452580
0, 59474462758910
0, 332963310889692
0, 352036407393676
0, 95004471236573
0, 326266135300329
0, 146462816544722
0, 250952104796404
0, 49974557297939
0, 108113653975684
0, 278079738150691
0, 203865712640102
0, 179684777810676
0, 302276043897951
0, 60065539661632
0, 378268670970043
0, 360630299789394
0, 358694288229107
0, 359188702458628
0, 49431431457165
0, 10260532589312
0, 135279135442814
0, 386541247327463
0, 348233268063390
0, 178957446201138
0, 352016308449410
0, 29876723201867
0, 327858797738586
0, 377408790016364
0, 179756261434044
0, 192460571086154
0, 321250056030729
0, 243868509209220
0, 50614205105733
0, 302509380057791
0, 16989693643641
0, 206612738519975
0, 352197956114216
0, 251426180631208
0, 50174772374630
0, 187170916009521
0, 173018798167616
0, 155400745171046
0, 350655274781563
0, 66453929529127
0, 145614397191602
0, 376070657321131
0, 11611052502677
0, 108530301581795
0, 90353360439745
0, 315310389374060
0, 34521730196861
0, 114747993414282
0, 285211682423760
0, 67423669756831
0, 226815182398665
0, 373525738001202
0, 269177621749981
0, 250545226386367
0, 41814587152386
0, 260352177445144
0, 249038248490985
0, 372683019197309
0, 340592699503986
0, 281813711692425
0, 38241413045189
0, 250862724901865
0, 342858893787616
0, 211079846024334
0, 109968926397571
0, 327467879418811
0, 134912862145150
0, 208809295744156
0, 182470832300801
0, 134881486714463
0, 207065392262498
0, 308052882922750
0, 301020750761577
0, 90617610730007
0, 155802022788311
0, 179949653058916
0, 150161344011110
0, 36334237280823
0, 578207611362
0, 246823479742959
0, 155721128543874
0, 227657527700060
0, 282347849260481
0, 387986733652943
0, 287136945926217
0, 390938848359956
0, 178349509861050
0, 369803761120259
0, 46350406976661
0, 377398855505412
0, 372583308523965
0, 197366304448926
0, 335870364355452
0, 223830724146798
0, 34769022672150
0, 388434087827324
0, 258729930400839
0, 29120433071619
0, 269644470057874
0, 110308162631733
0, 58709119028684
0, 287659296778808
0, 192978555198131
0, 128328289514570
0, 71861514188512
0, 187824034386944
0, 393638240160619
0, 172150921762727
0, 28295900725697
0, 274074006323315
0, 192606125952
0, 57622655007525
0, 84586493730127
0, 151412710274558
0, 195860290172363
0, 367630540655120
0, 186507081976112
0, 72293039028776
0, 116657810972826
0, 42833791999260
0, 385082226652233
0, 84826618525061
0, 49884574253876
0, 172755031418589
0, 59595612973412
0, 262422252669659
0, 251730951004341
0, 109489264709954
0, 288804583842354
0, 190944182395721
0, 306353713011909
0, 53728309749470
0, 300738005131880
0, 131856336768975
0, 254985113057517
0, 365597899997448
0, 186276282985751
0, 293259342089990
0, 360709280516110
0, 252914932224844
0, 159615446932821
0, 222985107507927
0, 352070967158373
0, 180787253318873
0, 225867306975346
0, 27425132925061
0, 228441248247871
0, 350156347066554
0, 79307274239652
0, 344002823940612
0, 319126067335869
0, 35261950283204
0, 316685768887065
0, 392825171117949
0, 218595303063592
0, 372375530836993
0, 210226610984141
0, 363084454552479
0, 309407067078334
0, 331422258801993
0, 365275534115719
0, 320960934332544
0, 245573458108612
0, 182762017327675
0, 201123480598469
0, 369227100845998
0, 169302414816374
0, 216764275264839
0, 246721838427404
0, 307685512166413
0, 284662085362875
0, 44290622021600
0, 49775079671326
0, 202726243811056
0, 51381383683464
0, 140577330228629
0, 162733399820189
0, 52721817662459
0, 9738345035630
0, 261912182378272
0, 277317828603196
0, 190362722238023
0, 173677212774461
0, 248630656604072
0, 260326954570546
0, 317377988388378
0, 43250853357873
0, 9003405170197
0, 302266778910385
0, 89913940635613
0, 292795152256596
0, 65666460169211
0, 35191227120524
0, 103715342102874
0, 34169307633588
0, 65015179946577
0, 118418829445663
0, 313354855744226
0, 338688795897413
0, 362898255619365
0, 272342537616495
0, 100065131767131
0, 350754550805866
0, 111329022348779
0, 136740916689625
0, 43521904645978
0, 309257682234799
0, 222322859606353
0, 108157698079141
0, 249309907125320
0, 267314450325513
0, 129983182569810
0, 196906868686961
0, 306241763161229
0, 77750753784416
0, 83088166870456
0, 77575990558082
0, 342711616152006
0, 205812122804532
0, 147632049995360
0, 75441896152627
0, 258799217486823
0, 271553582146237
0, 250959237538897
0, 361847228705349
0, 387525305245322
0, 241179188042267
0, 95789586959321
0, 103371294985927
0, 1632356803098
0, 137974801271523
0, 258328707291701
0, 342837243799240
0, 44970255464222
0, 25464353966380
0, 349073638276948
0, 195543074419891
0, 187294479096642
0, 266829324787386
0, 199074972473186
0, 379664494864510
0, 4497654186694
0, 112326794778543
0, 295766392292679
0, 135295552591649
0, 39126904085854
0, 250288939825410
0, 175226435636549
0, 260459375933311
0, 199790378806585
0, 390594127527795
0, 14347638072862
0, 138500486304322
0, 26633987182126
0, 226441682925567
0, 297759412632466
0, 293179831348249
0, 234657298616827
0, 204793831127930
0, 212721263978012
0, 131043724095183
0, 287968095914092
0, 34968790846535
0, 275470422824322
0, 72193861811073
0, 163628807706129
0, 118287407611385
0, 110080580870175
0, 75568599333279
0, 115738849765511
0, 74466772143531
0, 33371505649086
0, 335972557728088
0, 106771525938291
0, 268053058100879
0, 184446619323763
0, 135041389360949
0, 72381916592566
0, 47670075429980
0, 232006177882500
0, 242441929447247
0, 223990674311779
0, 337527451590647
0, 163386189560790
0, 80140717685622
0, 284550182252107
0, 371249851339429
0, 301528755506682
0, 108993274284000
0, 166205113506228
0, 294710813723638
0, 110457679915136
0, 38641973111093
0, 251074867896403
0, 117880843594139
0, 389441949662426
0, 234688848312167
0, 139622379769828
0, 312513983044094
0, 293442515253904
0, 126905400750375
0, 60888593976806
0, 354737651241130
0, 2410654777493
0, 352240615925554
0, 240223148476471
0, 75143417297337
0, 330084063241264
0, 127807330501177
0, 130099255703105
0, 25038275500107
0, 36781861864966
0, 211794420373370
0, 48118465425981
0, 8446681684913
0, 389621764663174
0, 173952368083043
0, 330012862558969
0, 307291442584926
0, 327516280048892
0, 380084212216075
0, 118495672221672
0, 44669113345592
0, 62164781905856
0, 378615322686689
0, 193171814489909
0, 356832962550951
0, 271380230395219
0, 250174868312478
0, 346942744283662
0, 16588139218846
0, 211326047870150
0, 85658240687347
0, 112077830163065
0, 31900536238873
0, 87860673705886
0, 255685157542910
0, 395930475231806
0, 313106008133269
0, 222835021203656
0, 55108651750519
0, 359574241269868
0, 64357039800402
0, 177586317859984
0, 308193150348788
0, 334942187447612
0, 361561731805062
0, 370271699705325
0, 353282438796110
0, 226987142388804
0, 228439117554002
0, 313194304831865
0, 195304967161150
0, 376523385614128
0, 327976319680157
0, 229170618816152
0, 275776500684922
0, 3188392029853
0, 78604714794314
0, 211617220137260
0, 294747518679620
0, 138876639586112
0, 3328701650049
0, 204615516326814
0, 112534780140945
0, 133348026590139
0, 193203563843957
0, 210306168076367
0, 341354980755623
0, 343865805948204
0, 326266728013643
0, 166478268566249
0, 376565727683657
0, 88388354120899
0, 392117801474643
0, 265502089574505
0, 116527239295358
0, 65637368426527
0, 163937223899443
0, 107659724917459
0, 392456911891364
0, 83726129669355
0, 59049142338715
0, 378857387963573
0, 182804460284542
0, 386762064291629
0, 43177400344985
0, 31079354681665
0, 141913499899590
0, 346981848090994
0, 85627822883669
0, 374589123362093
0, 28270798854496
0, 226542206773435
0, 109715718787396
0, 75553578248532
0, 194151068266650
0, 184157372312468
0, 112566390505868
0, 116114635244746
0, 366117277533973
0, 185668015272825
0, 365125397092443
0, 280963023291535
0, 388186817488399
0, 296450688210627
0, 299528846002183
0, 998881616504
0, 207937318612524
0, 45591211310428
0, 35990607535041
0, 337640889283901
0, 61723959692984
0, 3211521832157
0, 38717693579626
0, 333177753982909
0, 278861991113449
0, 382949297443256
0, 198081383715406
0, 342005042053590
0, 136802813301547
0, 107216887952106
0, 203289042992764
0, 170949529085717
0, 286621502480432
0, 45510363418373
0, 273404684990850
0, 362022778971509
0, 265651496914834
0, 285392192497232
0, 292215970349557
0, 177513524315840
0, 192734776342177
0, 307161854555616
0, 48043617237614
0, 44133903774706
0, 45706903604442
0, 353302837921385
0, 25262009825885
0, 274544402758328
0, 223116871713578
0, 148556389290628
0, 285132086861187
0, 118477482795438
0, 367404119629109
0, 357353101800726
0, 112194895017337
0, 296096590593102
0, 259195364011226
0, 334261439831579
0, 204477991822398
0, 40591479416377
0, 182391326994507
0, 350015696094758
0, 384338629871744
0, 125168083479548
0, 32052169685667
0, 374507936099177
0, 39306611663557
0, 123771847937165
0, 376358614506300
0, 319592069663333
0, 208491322013085
0, 366341983866291
0, 185177028957534
0, 247023422204490
0, 325546067231976
0, 251036687756528
0, 55538724973050
0, 227891346291661
0, 350911383981421
0, 267898549528636
0, 297017175911276
0, 18006038475484
0, 261987005066081
0, 369908624439637
0, 193149828975078
0, 225067115352681
0, 388063656624898
0, 281596152938224
0, 177533610113354
0, 210334293262050
0, 212795425784083
0, 297986898994165
0, 315788249202189
0, 159795977143761
0, 276261953652024
0, 324212528732264
0, 80342511797742
