0, 1
0, 5581516
0, 2605665
0, 19314983
0, 4906726
0, 6536249
0, 17346168
0, 15275728
0, 10358975
0, 17772722
0, 13280897
0, 9547330
0, 6751152
0, 11970883
0, 1443346
0, 5287752
0, 3121107
0, 1248497
0, 15947808
0, 14541318
0, 3121378
0, 3451727
0, 7767673
0, 660969
0, 10011282
0, 11603678
0, 1517329
0, 15569492
0, 18419599
0, 13292821
0, 6040319
0, 4186137
0, 3570967
0, 9694212
0, 10560870
0, 13953790
0, 5739509
0, 13292821
0, 8396122
0, 5434634
0, 3893186
0, 7564423
0, 13945660
0, 14541318
0, 13202307
0, 15569492
0, 7955747
0, 18947778
0, 3083167
0, 9106684
0, 2628158
0, 13292821
0, 6128394
0, 19241542
0, 16420161
0, 9106684
0, 16773003
0, 8078510
0, 10110197
0, 12925616
0, 5511327
0, 9253566
0, 18652930
0, 8812920
0, 1772882
0, 19241542
0, 3445223
0, 19461865
0, 6201022
0, 13880349
0, 17656463
0, 6536249
0, 10937018
0, 12191206
0, 1631149
0, 7637864
0, 16337506
0, 220323
0, 18472715
0, 19388424
0, 13622899
0, 1909466
0, 18382201
0, 12558411
0, 19121218
0, 13072498
0, 7681495
0, 17405517
0, 4319198
0, 16744548
0, 4808624
0, 18360250
0, 6301834
0, 17038312
0, 13947828
0, 10869268
0, 19185445
0, 17846163
0, 12063023
0, 7270659
0, 16257561
0, 16524225
0, 7195321
0, 9327007
0, 12042969
0, 19094660
0, 12931849
0, 8078510
0, 7660899
0, 8005069
0, 17094680
0, 807851
0, 1897
0, 16964871
0, 13053528
0, 11309914
0, 1249039
0, 18360250
0, 833867
0, 18580573
0, 8110759
0, 1836025
0, 4407544
0, 8812920
0, 1726812
0, 367205
0, 747689
0, 6830013
0, 13396614
0, 18874337
0, 13454337
0, 18286809
0, 8485010
0, 0
0, 13219380
0, 9253566
0, 835764
0, 15349169
0, 19744247
0, 18654014
0, 17887897
0, 14174113
0, 7217543
0, 3818932
0, 17607412
0, 3672050
0, 17716083
0, 14761641
0, 7907238
0, 12411529
0, 6880961
0, 3672050
0, 13375205
0, 13292821
0, 1883721
0, 13366262
0, 10005591
0, 881292
0, 18459978
0, 15569492
0, 8223766
0, 4112696
0, 3155524
0, 73441
0, 10783361
0, 7344100
0, 7084753
0, 2496994
0, 9057904
0, 73441
0, 10089330
0, 1982907
0, 8639209
0, 10355181
0, 18356456
0, 5361193
0, 16201193
0, 14835082
0, 4075569
0, 12631852
0, 3906465
0, 11603678
0, 10266022
0, 8666038
0, 3934107
0, 0
0, 1615702
0, 17111753
0, 5751433
0, 13219380
0, 4885046
0, 5581516
0, 7342745
0, 11089591
0, 10106945
0, 11824001
0, 18512281
0, 17625840
0, 12951903
0, 19608747
0, 11129428
0, 440646
0, 3905381
0, 15789815
0, 17496302
0, 8151951
0, 13585230
0, 10134858
0, 9754645
0, 4920547
0, 1378848
0, 5214311
0, 19584086
0, 18066486
0, 16867582
0, 15128846
0, 2673144
0, 14100672
0, 18413095
0, 10355181
0, 3171242
0, 10722386
0, 5907529
0, 6683131
0, 5611326
0, 19608747
0, 2456886
0, 15275728
0, 2055535
0, 14027231
0, 19020135
0, 16671107
0, 16836688
0, 2643876
0, 7638406
0, 12484970
0, 4482611
0, 10061417
0, 2467184
0, 3231404
0, 17851854
0, 9180125
0, 16983028
0, 10869268
0, 12171694
0, 17699281
0, 476689
0, 9841094
0, 410565
0, 8298833
0, 3506198
0, 6683131
0, 13507724
0, 17772722
0, 5314310
0, 18066486
0, 17016361
0, 14835082
0, 2163393
0, 13513144
0, 5018649
0, 14541318
0, 7320794
0, 12484970
0, 18987615
0, 4773665
0, 11502324
0, 17405517
0, 10272526
0, 9987976
0, 11498800
0, 14320995
0, 16324498
0, 587528
0, 19313899
0, 13366262
0, 10975229
0, 4626783
0, 9634863
0, 2129789
0, 6740312
0, 10355181
0, 17509310
0, 7931628
0, 2073150
0, 14614759
0, 6685570
0, 18654014
0, 12273319
0, 5361193
0, 5601570
0, 16450784
0, 4173942
0, 19241542
0, 6591533
0, 8298833
0, 4929490
0, 4333019
0, 14660829
0, 6609690
0, 4037629
0, 15716374
0, 1584537
0, 10208299
0, 17390341
0, 5948721
0, 9068744
0, 6609690
0, 9468740
0, 14467877
0, 3474762
0, 12338088
0, 17917436
0, 5361193
0, 14249993
0, 4333019
0, 740101
0, 954733
0, 278317
0, 10795827
0, 14560288
0, 6609690
0, 15331283
0, 660969
0, 19633137
0, 10795827
0, 17679498
0, 11824001
0, 15322340
0, 6976895
0, 16682489
0, 10648945
0, 9861148
0, 11089591
0, 13863005
0, 660969
0, 9560609
0, 440646
0, 11370347
0, 6022162
0, 7830274
0, 13366262
0, 18069196
0, 7711305
0, 4441419
0, 12264647
0, 16161627
0, 19682188
0, 8264958
0, 514087
0, 16555390
0, 17993045
0, 7154400
0, 7344100
0, 18492498
0, 6830013
0, 12383616
0, 2496994
0, 15252151
0, 3157963
0, 8148428
0, 1542261
0, 1843884
0, 2864199
0, 10583092
0, 9033243
0, 1059610
0, 2056348
0, 9673074
0, 12631852
0, 14367065
0, 3378286
0, 17143189
0, 10575504
0, 16274905
0, 807851
0, 12548655
0, 11824001
0, 291596
0, 11897442
0, 9676055
0, 19094660
0, 5207807
0, 2937640
0, 8578234
0, 8592597
0, 17261887
0, 1542261
0, 2247945
0, 1321938
0, 1637653
0, 18066486
0, 18704691
0, 11089591
0, 1891038
0, 19535306
0, 12353264
0, 13072498
0, 1153647
0, 1028174
0, 535496
0, 1615702
0, 12142155
0, 0
0, 6683131
0, 10648945
0, 13429405
0, 4553342
0, 324387
0, 1248497
0, 185635
0, 5728398
0, 3592105
0, 16083579
0, 2591031
0, 16230461
0, 15334264
0, 5140870
0, 12349741
0, 7490982
0, 12496352
0, 16230461
0, 14752156
0, 6609690
0, 10118327
0, 6536249
0, 1591854
0, 19021219
0, 15932090
0, 4333019
0, 3514870
0, 15789815
0, 9178499
0, 19829070
0, 1301342
0, 12558411
0, 16306883
0, 17405517
0, 13399595
0, 19829070
0, 6816192
0, 17919604
0, 15742932
0, 9547330
0, 18370819
0, 14541318
0, 14889553
0, 5067429
0, 6017826
0, 7270659
0, 7130823
0, 8298833
0, 12842961
0, 11236473
0, 1355813
0, 0
0, 2717317
0, 2790758
0, 8950317
0, 6683131
0, 4658219
0, 14320995
0, 16411218
0, 8812920
0, 18208490
0, 8078510
0, 2723008
0, 2276671
0, 8441921
0, 293764
0, 8903976
0, 19461865
0, 12452992
0, 4112696
0, 15406621
0, 11750560
0, 35230
0, 9767653
0, 17170018
0, 14981964
0, 11105851
0, 14688200
0, 13951893
0, 1836025
0, 15165160
0, 4773665
0, 815168
0, 5801839
0, 9266845
0, 9547330
0, 12150827
0, 9180125
0, 16765415
0, 13219380
0, 7183668
0, 293764
0, 17612832
0, 4626783
0, 1447411
0, 5875280
0, 12724263
0, 3231404
0, 12054351
0, 17258635
0, 2361494
0, 7417541
0, 595387
0, 9841094
0, 2844145
0, 16671107
0, 18259980
0, 10722386
0, 10563038
0, 9033243
0, 14755950
0, 2203230
0, 16715822
0, 10061417
0, 16144283
0, 11603678
0, 17888710
0, 13219380
0, 9053839
0, 2129789
0, 16775713
0, 1836025
0, 4015678
0, 5067429
0, 17724755
0, 6389367
0, 7088005
0, 5361193
0, 1530337
0, 7417541
0, 13699321
0, 15128846
0, 18206322
0, 2496994
0, 4290201
0, 9914535
0, 14687929
