0, 1
313, 15220475528724425031
168, 6460840699267122142
243, 16881376764791649661
375, 606795845878935356
197, 14153098750009747517
245, 2573992523069300116
13, 13444436857302169655
185, 13838653645302037179
325, 6649772712588057731
18, 15094701471468210482
24, 17590259045275303625
363, 2374446572706534043
154, 11395990806136509570
335, 6421559015785740908
220, 1193485795781627335
231, 2140212443073284667
390, 11247949248429221902
166, 16916589640654150010
9, 675779911241233907
123, 4013698258667609057
395, 1406210271716547866
407, 5321122677072328222
239, 4955036065096221856
407, 10735951955248449717
175, 15571126339717233667
148, 17179719985900540509
221, 653698646848295116
244, 6663055559601614638
40, 6296451694704792512
336, 8205812238501075814
78, 7375888402077195675
409, 747000831007001581
414, 4932236934164841153
340, 11627708612340799937
206, 2072255720808322961
229, 12565990412152776640
397, 14820680815737066174
178, 3992600493320079977
235, 5031338510162372015
141, 277266834951790221
129, 5167283847969995652
63, 9096981304618553469
50, 6078187113215900533
70, 2992967084266827969
365, 8391730441398898364
143, 5022385266992124244
121, 3091988553528870265
146, 6651242410104729099
206, 563355681132372209
322, 15673071173770857151
365, 4698150687591094588
0, 11417176574116609434
70, 11380760008741113432
221, 14807554476741998881
50, 17662485346883756322
222, 4713031973630218637
14, 191126034608962067
203, 8921660165181401295
65, 14486909836195586351
299, 4610608504947093366
285, 17985843090746438834
310, 8880712298232986574
143, 5645214546833454746
356, 13301162274288357637
380, 12977957991359434651
94, 12066110966924989181
382, 956822364444530480
61, 2411285558364045379
298, 14365920386238363894
62, 5803765039995321092
218, 4112852479281301248
256, 2187769460733194474
256, 7225640614173005050
284, 7935017292499689536
173, 6398098823579659530
234, 5412554558083119867
319, 10232640565017358210
245, 11181193828963033579
20, 16245353847826203019
352, 18344006314305911351
425, 2826587689471941899
162, 6899871369145002477
374, 12138050636487344017
296, 14468220913988646468
330, 6435866150542402150
92, 12075243220027532443
163, 12962424007364784433
79, 9785944886126286698
147, 8434893469602716016
244, 13201652090371254300
397, 6961450898070236837
27, 56823215750210417
343, 4704136680331739718
398, 2943257216777890226
229, 17594246168762270456
373, 1623041219576174986
188, 13228799039854570154
371, 1456506827734944011
65, 6043808026977453796
291, 5841584859478122312
161, 4311739066340682647
351, 17852367275221626475
275, 8689076014128310743
215, 9018869836348724727
214, 11204212671165451467
386, 12259606822164641332
98, 6583511918849526675
288, 2755625588143763648
108, 4985668598810878092
97, 10507525611347065506
402, 10779127716988071311
142, 15082013232438950572
219, 8020682425772895235
421, 6178580507351013025
246, 9008165441443400243
296, 16920890503624653596
339, 7970501229206670031
57, 3046296684056913508
121, 13910205402332281977
46, 16713203597980021885
75, 5933379673684092608
390, 11051156373842313651
295, 13864260764795506286
70, 7423585200562534271
198, 13826025410264152098
208, 5805748777890374181
56, 13868723040071709381
321, 4353999783557731122
409, 4574517637655115906
69, 18197378251161816784
19, 17550495750054053315
197, 5920275080671883528
363, 10321970016176469133
192, 3473618074346703515
66, 10661338163851368082
293, 11093539863449120886
92, 16856475833417831473
134, 8629085226003937163
79, 3636777266359292103
228, 1157274047093062038
414, 12432362838573688898
76, 13908654349383389880
120, 7764400291398270651
43, 3234780517946872565
127, 11785462846904222430
405, 16293247906788409180
249, 1875682840214050061
180, 8299816084003964357
256, 14413439164827727178
284, 11330676348467297957
162, 7573583542280950446
7, 5775499230626576560
265, 9147116136991793567
243, 17407540959669249793
195, 10990593557826712990
244, 15922519142024934787
105, 4862605432175322956
388, 7377543669188327562
254, 2177454999869297159
379, 1270817015962804660
13, 9773733196252807844
298, 302289371406725961
328, 265957818526944228
180, 5895649215787813306
100, 16637991638105138435
121, 13101401836775769927
4, 15971022376357349407
286, 18175762891307346210
93, 2482361089589920539
354, 8763651643494746907
346, 5187912488489137821
195, 17094162234688668662
139, 1649553731239766102
193, 1930543173397986811
404, 11803942989910848432
147, 5623112898563417847
42, 9962210123679956868
127, 14447659228426161604
213, 1683274457876120217
270, 17723683691823609757
6, 13662813641874097108
213, 10854486220631794833
134, 13452413287199630395
379, 10426144295958423796
314, 10626797427658510268
84, 13746762632138970134
32, 7489628018621465366
59, 9523063817830699638
22, 12850586307366175314
13, 3615233820311037721
188, 17524410607446363201
288, 16443797957587385983
154, 8835636785165633122
322, 6106804429243103710
307, 2370481535379965540
240, 14561921116046761128
316, 16967493709046945901
223, 14723829995202472728
105, 3509014938623912911
27, 4541734193692385819
305, 5351521041391129650
204, 14468679335830788969
111, 4082992659815286969
271, 8173589912907667986
199, 16109282697980382702
56, 11051664935689861556
369, 6387894930025247002
242, 1575277969371418203
387, 8170866798183982542
133, 9085043040497684329
92, 10373026221224430597
6, 1576689956901429555
427, 6808278822163641086
15, 17067078897150070841
299, 1742766346262270550
427, 5402047631664446213
322, 4714924982058651883
129, 16452226309794308734
331, 2353272670443954376
362, 17772091150122730155
245, 13814672432528676697
270, 17111946238110826662
192, 10308457417703450994
349, 6829149290498250150
401, 631671928471426290
194, 2095281864988790100
353, 14751960356002081987
71, 4379905923196886493
59, 1533081296641158155
422, 6349824601886554748
66, 3275354617152848938
327, 1408470900360776685
238, 14812163015871948451
233, 10263918046373305786
367, 11919888960144395877
360, 10333834439307299049
68, 9241499165039193026
46, 1798513218633326676
251, 11063044092846777620
271, 4310982410020557405
114, 6801569698858055920
377, 6162647180834014098
53, 16806500238395133276
317, 5215377580592242437
393, 4765198034669633532
336, 14574137810835194848
134, 12091242122983225454
59, 2379927377405934429
214, 17798872387170136740
350, 18397259321311893161
162, 16316695086101542478
64, 7587606322096934772
94, 180721578612750499
221, 11981680273854548625
365, 11607923194938692778
177, 13889205383324430409
78, 7440903244255908382
277, 15071800459442553582
160, 14241367047679947740
196, 2479116055378833032
106, 10639459698135085169
119, 17864938415582846187
208, 10650602554654562929
168, 17367627799050424394
234, 16396400946755174651
23, 13626788251698271191
128, 7846053363666896174
46, 523286048595097392
219, 1003785749644917969
49, 6730728953390893804
99, 16681644783286355134
113, 6597057635329707649
92, 1929360738412319076
64, 7068345399324576370
293, 10205817481026615798
4, 4738632979418752163
246, 8452260064730817812
87, 3666786891863793566
186, 2840086166992724610
398, 12922977114890527130
329, 7471321667373808652
59, 15122677030393451534
406, 10545507165263338134
77, 6362447293598777339
270, 7436824730579553340
182, 7313785175864319219
392, 15209377587591439865
161, 5599232727214015943
370, 1013967744551931541
346, 3220463090215004868
124, 3136925363601886125
250, 39775159278631429
422, 12798473837363973046
20, 15832175982175916746
389, 17774278024893387227
72, 2865644672344304778
264, 159256833032056532
282, 4454225634668204415
231, 8674236922770681421
227, 13470006396761870582
351, 193605212773968394
396, 2342672284701492836
62, 2239724689637399479
60, 18217665650079431856
189, 16334401305015213487
254, 1142534333396035752
370, 12193045089686807078
107, 5054798667296857928
184, 6419470001776557290
412, 12476418885828574103
339, 2978502748556262405
247, 12747586277052151455
130, 2543176635276013179
270, 11532307112625399518
403, 13149480717011325013
4, 5157452531332748481
102, 10499264798146364012
159, 14801881663784841709
27, 13328762014995102144
77, 13574056235973261098
176, 7820816271499053257
166, 8414105036932723862
112, 1823874711776714748
20, 7268790247301412357
152, 12474974188920484469
148, 1349946238051702988
279, 1532225992705737477
23, 16697859352267888105
285, 11147538685077491339
170, 16182968426087312216
0, 16314518884793320449
288, 9094153749807158862
21, 15063643606215791877
84, 13757454200018867967
50, 3858121491940559467
284, 12357380093578223414
363, 2158662242621830070
61, 8113311043887116044
398, 8692128676983522375
243, 18445068139118487453
9, 7867926277894905162
102, 4600488776277514440
261, 9791792725337870505
73, 7789128306184685993
91, 3262527505787472566
374, 7521513259317341822
263, 4802407945448542417
77, 8621281838824552376
234, 12137403837051031760
139, 11635662512582094145
81, 86872043414389078
395, 9955012726489144679
48, 11512364291370193929
201, 12477078575466094232
337, 18400898986840577349
125, 14758094883931484885
7, 1466488440309775089
112, 6621105475382563824
138, 15483531304547186471
217, 5372799376689323895
191, 1119735365223866392
418, 17347305005373504177
259, 9290608557789624243
343, 7848650806333911318
422, 5806395123393113526
40, 6801124186315875585
295, 4098146148255899143
233, 10775772341254970215
384, 421967082795428439
181, 14333600404953218101
287, 8332810296387406480
177, 10886477383964862680
266, 15933510888717816230
36, 13367543325666937093
42, 16925475268467312102
166, 6468290208439086536
219, 14451614472097736145
250, 12638532572890348706
320, 15201205202352478717
225, 9979180054132653719
47, 4165341800918116441
113, 4927256838966152221
154, 12985279565076773442
220, 1041389600103116656
277, 373815387831866363
192, 9888547766436510604
195, 3142401176100354901
337, 1150071289799559433
26, 8610345119074185262
336, 608115363287533961
286, 3722452904476693573
230, 1420555840382205052
417, 17455013741880106064
427, 1155071414442150928
373, 694590281622445532
121, 11469265869483709025
17, 10141818548118311475
245, 4820810376727093056
351, 4681190956857717069
169, 6289226481111042538
382, 4836474145281173110
101, 993345682714084787
9, 6645718292283873808
89, 17715004742184715511
259, 14947036193499595146
235, 2350746620027447429
149, 10575285338773916322
287, 12891637883596676880
69, 4306991139126152073
357, 8650733623848876762
359, 3814432693432267902
74, 6626555760520056076
2, 10436396544708287120
14, 17788587375307987551
79, 13958215434164345280
30, 7757856031090317325
420, 13870045413787625094
165, 17846510838985957376
194, 12882309969903950386
21, 3922177860915974949
120, 13805087006673115548
73, 8635261272610817887
399, 5658963302528733383
21, 13730061558070445335
112, 5313526114155220978
212, 5968345076912853185
26, 11973705995269243481
217, 13416240244330212158
117, 15621633030401466543
193, 2245405694374248747
94, 12346685575238726622
328, 5142723690419099127
127, 7467406266291191382
197, 7425905731690258638
91, 3127686693049655976
76, 17938576846641058693
329, 5988202762714230952
364, 9164899081406072248
3, 3269946854595886727
205, 2382310684792132595
268, 8768789387024869939
383, 7107869278639787718
182, 211296226925870021
243, 9302918369897109748
219, 10310617477047698345
155, 2822421918052681351
210, 7889784103764487071
192, 15675693915207225530
19, 16308819370463873110
197, 4372018324960074103
395, 3214904905393934129
419, 4416049908281240376
101, 1291788443927042446
103, 538744242259267019
294, 16650350578349535937
206, 6441766558046139574
128, 18444583261015074009
0, 9309724981292035624
82, 3683522690792743929
324, 9544979335209485731
25, 17315169561848986955
296, 2541246802029615234
259, 13291613276694692237
10, 16362824939651178675
149, 15442568065755866750
365, 12243578566034842202
342, 15752640016662456215
150, 1568709878254192685
119, 1257692574182709781
277, 13283225261606200739
83, 8888629338472486769
329, 5501009347512617702
380, 5602541225196533408
146, 10666318487827526427
60, 8147300159099537055
32, 8762967023180847742
129, 5607599267183850664
174, 16727306588654957352
292, 1836137204497251792
358, 12007725033282070995
264, 14617888654372330800
49, 14709720142851638170
101, 14165479356170919614
370, 5570918849331854264
56, 11808972005709742630
395, 11565941760608542304
368, 14462643778759663142
356, 14979565227439611793
226, 13489553207323172322
236, 15617554635911250084
287, 12845207708587397137
273, 3987102297223503262
18, 13122090625005623260
278, 10906315920956642828
59, 1711831679930054927
82, 9641935738171966234
304, 10230129752409492464
164, 3149070025529046382
81, 8649055154532130973
4, 11692878029976760381
37, 13636609781346274746
34, 9884078849281627288
321, 1297356495900775890
308, 11368350087382428259
171, 7856628712650376694
268, 1658084989269910947
10, 12758764612050468926
28, 7083100701135648081
100, 3475803467658899809
136, 9129047286077657347
147, 4146747979752367232
43, 12490860644014321180
249, 4945754617632587037
398, 14158832239769798906
139, 733458452374354902
194, 13972922475807572640
414, 2272590843345450220
400, 6787864599025973906
240, 5854094065641718922
132, 14508795388195705004
187, 3721832015931187949
287, 13265545485147454791
297, 5854583636547061795
157, 13370713512696216358
395, 2539139487296285819
275, 9972512614070143888
317, 11664048643605004879
19, 17971346054521364925
391, 7155265443649082291
99, 14297952716561811314
35, 6805476650063979246
274, 14645585656961490254
288, 5188264320620060113
215, 4925764116556356015
186, 2326515103965272125
17, 6337030570689560506
176, 16153932692920463783
356, 4905582399934987879
269, 1463590341206931215
283, 3075472829062967485
250, 17041034506734468948
191, 8325575570882057066
405, 17165096094756465489
302, 2925769653006405407
279, 8271589022121251770
11, 11689280818806601497
397, 3126807338471490717
300, 12821496680642075166
12, 1947123155770094504
282, 9267387758214083432
408, 16348214046399578206
325, 3945149481269896645
102, 12110959888525401296
251, 14807622680118640859
162, 2552240442435491213
256, 54248329552529633
117, 4686448648457093680
231, 2909905330185181701
41, 13571074564291739553
171, 14254712346335224813
25, 11886440131720800755
34, 17261757984489251140
70, 1396549199009947771
59, 13061722827097780346
57, 865146308856943160
100, 9298986549532771031
155, 6166970937449112880
325, 17939146527000806667
136, 13091077526071406250
341, 10730481048974391136
38, 10084294075407965464
108, 13234988103000394642
250, 2616240873199131152
28, 15920019364657909445
104, 2130262958884835924
1, 8265795880833792432
306, 6802025860748019927
1, 4332712981091732699
110, 12783340811691430106
256, 10671816180645453469
144, 14277647013190805424
25, 3273235682370942824
149, 15886444130089209350
154, 11234729216833257378
396, 10764098600308773515
193, 16914148501966429946
95, 2523708489967500422
366, 14568044823061273671
137, 3275216849815991794
63, 5270113933337419988
285, 10887022285373183914
205, 6695747623550146872
353, 6670013084827193564
319, 1707034237916547428
328, 1268117912988137076
272, 5723577240528561354
38, 3343503539491269233
309, 5604969015089945196
272, 3147092442300611492
407, 6873579103726313403
361, 3025797366613779824
307, 17003539338908559976
204, 16067897066936430963
76, 8056487741648901933
321, 5694830316640636495
409, 2272295534757839310
258, 10262755399509922001
270, 10423500286985974289
71, 16080378071318391891
104, 4093344840204534256
10, 7782971998740753198
226, 17829583560203229371
386, 12796108411485066538
277, 7547988266765300263
243, 10649474736991076405
422, 1231382656568640709
222, 14413366715660394456
206, 13195868166003386447
73, 10729077273977230285
70, 13798649995308499431
203, 5959799197600826051
370, 3835640878467474012
407, 12240539053641801775
313, 4793654734986953828
287, 13518008373363144521
272, 12180033078383576292
193, 17426474113713831973
113, 6926692244225945140
344, 12898232111846481907
237, 7704980983105543967
241, 4031961171396020399
316, 16003134819941660799
372, 3993922131235678763
307, 4633354369671040671
426, 3294876608257208432
175, 2097081687129581819
141, 18333924163907867819
299, 16251340863622372143
385, 2443462002012014034
311, 5269468762719372120
296, 8537425254533408360
263, 2012661982877486706
268, 10260332735789670096
17, 8498725338707626573
94, 8204897402192743293
109, 12836979549656603052
415, 9187028844261861621
17, 241239718024523557
236, 669453167076033992
418, 3294239544005276399
131, 1652339738143235218
141, 6590798734829192648
47, 5029188160018232081
394, 364211947400855848
425, 9762387836949214864
27, 7939870172148534397
13, 8935020156894059753
50, 11862993494427268121
42, 4878159354721831136
340, 7309150274275373264
426, 10410932446579762642
223, 15969437265889582204
89, 14828206164244599066
110, 18356822483216915853
229, 10611730083856316860
101, 5440614071367758021
283, 8374504116744518827
225, 5824583772674930453
403, 11644258152106982371
83, 9790037295141736916
308, 6724259730576355257
380, 5844946482454444722
138, 17183703876962836040
176, 8039491917605239046
269, 17207408526965800454
340, 9226303084556658402
73, 769347761523270256
198, 10482039094656457034
60, 5315883430562757713
271, 3237278394355769539
212, 6001690640970621649
374, 4806094290979636749
145, 12285346074300558939
145, 7469592164668945760
360, 128548810824032406
4, 10431992788676793789
248, 4072812449368627362
208, 14187092639330244657
299, 7863581667924211264
90, 8946220088129559292
329, 4124349446863312158
385, 17967764439332805898
421, 15261405614198452957
172, 12211697251040805977
22, 13991747290433739323
290, 3901831723300113101
390, 178522443374524573
109, 5629052058538154573
373, 7718297185165132662
229, 17343875168532844518
173, 7632110473932444660
9, 15706469781525153825
256, 14411392455483813908
281, 17272877400256048042
72, 18312789414750131286
360, 16958168912860543228
272, 7543380816125505050
148, 10633453472198942430
347, 318875526270073190
417, 17306656474649862480
362, 2208753595477058451
377, 9233279334180909194
373, 9201845474619131674
355, 9859976489109466128
157, 3491275899350898303
303, 1111963685347518884
271, 6202711061098338266
207, 6529617187909759045
47, 1803855585869494062
349, 476968218517886012
178, 18049839468566964079
81, 7883108859595249450
15, 10028565629537814001
153, 12727048119410614747
81, 10529622721116999712
374, 3250128330759879917
221, 2723307392557568575
423, 10372401312807779241
283, 15182375172189034696
342, 17881649452170434919
68, 504710561119859925
254, 16980117537418940606
259, 11077790994394750898
133, 13058694010087039419
210, 8677688243449152681
353, 9447707159700818713
120, 5138582736381884058
225, 17770568499459549478
1, 14988486362801785328
132, 7165103876177404121
261, 18085627186257412659
104, 6021802684634428694
9, 12058821364433115186
52, 15434432310968344429
411, 14111242110068922804
252, 8701806525604537955
342, 8267063775619487039
305, 3655303446682108597
388, 3258920397762004477
183, 4212518712324545617
232, 13252467694044855122
245, 16155088737633907148
237, 10072289256102332295
383, 227493438354705223
11, 13109834843991122368
102, 4760512024841504093
93, 5366067207968151066
296, 1979803567150170973
211, 4624611736453449253
44, 7135458234388232149
309, 10005768583012854509
390, 13373466904096477734
379, 9652429193570035140
30, 8138144787757239286
236, 10629491775892608699
64, 10232339235758684007
369, 14140695290643698828
44, 10893614411981878571
416, 3064637075300740982
135, 1823462163847740309
205, 40238117448434601
79, 16827737689037918956
103, 14209831442512368384
368, 9953952769168472772
216, 12206978724835179179
206, 18240256329204263965
28, 8496100917955130755
352, 3724120167065809209
72, 1402771856450469805
44, 9713118931717049834
8, 11868776897907208924
329, 6762350895823035767
107, 8186826131223843945
115, 7343281822577649686
297, 5053437676958677141
260, 7895928628718328523
377, 17790271604451418759
284, 11831396087962100182
84, 5489961094637583965
385, 13247927795719790575
254, 15177070249062545065
238, 13124250537759529557
301, 14313562751667259260
46, 4412227802568884793
84, 12675111775184352992
115, 380930562176131562
261, 11500664417239264781
281, 3475676429323904537
150, 2807076057973901534
243, 9258910942872369942
244, 9509363880713929457
242, 9420279619635007286
45, 11936209761646905902
365, 16308340983965913208
46, 16462255396877997353
264, 5774561280034893262
209, 8534191429991370140
89, 339123212670724039
397, 10810186315090758618
238, 8259350333685144590
140, 15331223574031604136
269, 11840534323574567804
243, 17354387949938486303
190, 5977614060213858718
426, 4884880342507331447
316, 3848225851958577828
328, 2748421469887095600
92, 15838685169341338772
181, 16723013293780442790
207, 10672992954202891792
361, 13489706034764191027
69, 13557836186086376520
381, 2134716002421575609
66, 2227543585519198645
86, 14193166521067993950
33, 14646499562474637136
281, 14863074421978649567
113, 8242007349924754242
170, 2002671437358989720
259, 2527105423404571241
322, 4746777073848485058
134, 6263927388499458541
410, 15161075543351391217
27, 11276997473115316521
171, 16403155032794314618
44, 16562752045945520315
180, 5537510107469772002
425, 9249365089886960090
360, 1507202344759057218
78, 10644247811543320070
416, 3626356366763682046
335, 385812033892163071
54, 4389432062774281896
105, 4557941666322908595
270, 9385187273839859770
360, 1619235658431092393
252, 5610024847749409961
332, 9163649348448459127
319, 7204328851761483234
42, 1424448534631682183
384, 644662948822534944
54, 12643990027035337565
58, 9690254807527766051
325, 1777745037960844705
69, 15558514918152178129
185, 558453816178426177
390, 12022515270654138211
238, 15276808518093890756
276, 16165219584480347455
13, 12672550767278188002
368, 16616233137615389376
245, 12949518613152214893
148, 9822409063861454905
294, 11503765617101728318
201, 4017948620115082476
4, 9333782544565783309
74, 10758536768856601914
182, 3409929230369936832
227, 18128398998535062048
206, 7754082982030224773
228, 9030929686454953247
366, 10630976127968114271
267, 8490268470464463517
36, 9604252686716044524
413, 4451454789783200786
398, 5260481308809261175
257, 3644746295302929046
109, 11801136151895240025
235, 8125662011961226983
178, 15961524077041807267
417, 12239035855706354817
74, 2815327220748221652
352, 9692052432618200832
417, 7892900345574969692
324, 17260843571886574956
358, 8714190545355743315
393, 15150474048160706705
301, 4006880680441715070
299, 2030106291559430993
59, 11713266834321879172
343, 17984259835342382444
124, 994576114880139136
348, 16486900208977144833
399, 1630876573569850849
101, 12278312957249197819
274, 13031779450477622964
11, 8436897530079107047
123, 15413268530586543663
40, 4453033038776617183
235, 11608521530874280667
132, 2680488773295848254
374, 1483007241415517318
73, 3574906909825077027
198, 12826682604621740008
239, 13013925427276543708
30, 6320239314745001882
365, 3439710627370815768
253, 10502908410994799169
181, 8640931444860534164
56, 17771176439679310133
344, 15031305042611017410
23, 18169047278266813272
232, 8883248468129489890
0, 10660284247590102900
87, 8343022634525779075
327, 3562034330052497152
112, 15818285647044870393
33, 8822904417250440353
282, 2157730589583610043
232, 12822984742134451948
107, 6622101741053905285
387, 12168077643067903472
395, 4084992569111667803
9, 2097817800349711053
74, 10331237905570823622
175, 1643141040272303447
142, 12524096186388892869
176, 8935995472680912918
286, 4880970057672057797
80, 3555931038089772516
289, 17854667436785755240
97, 2791959053994182268
373, 16024420012517521205
399, 3856871047686316683
63, 9302085820365151471
62, 1082283435160561075
355, 2156785772291375447
87, 14736143661839431616
161, 15074030998825141695
131, 16973538497867691665
106, 8604117485970591580
235, 2185410687163570802
236, 17771267758204549349
196, 13979737313867479126
279, 13163177894059886220
87, 14522350625954882174
332, 12809808933560774036
355, 18247132560872944282
250, 14594329957032931006
258, 7362856797439575844
420, 307791670415891786
21, 2138937051746552399
119, 10410314913837810407
208, 9906715017739855178
407, 13677183199016506567
335, 11747048565822550216
131, 9040751294775036345
25, 10769496229023949247
6, 16477014018215078055
135, 8800119960261052200
408, 2209016617321815061
104, 5628297536358928753
7, 10796098380541374265
168, 166245604108916222
142, 1329663428489968876
402, 5574890161390990388
381, 11306817994707639881
403, 15388196666535962708
34, 15656777395490419112
14, 17536723525068129432
232, 17616158633235143420
381, 9837728253104318390
422, 12853274400361323937
306, 17714340735554854662
203, 9196877414476049763
200, 3607101647388575602
155, 3696998883650535094
266, 3058337795610420036
321, 8114925200614769940
363, 15493773348853007540
351, 15496314892372519471
13, 16687661463396281655
199, 12316181608674283432
151, 7823018646883746500
122, 12610785259691583140
186, 13364532381672890142
187, 3055503547041430956
182, 8578817150396732034
386, 9245124796490784789
307, 138066994839720862
345, 13386554391905325844
122, 17887056757993598859
265, 8390059530290002233
64, 18088260240083016688
332, 15091685189512553608
175, 17436505261281225153
336, 10583943828446256489
341, 17550581058330889422
337, 6193942683831812293
29, 8174072742855829609
409, 15371504849549934323
234, 435738300533768142
405, 16195906259235091333
299, 2874254653558947350
328, 13501671801841496367
379, 7292470801073965888
358, 8060975976497206856
245, 1432647884290348443
149, 7043110814990908741
25, 6784378812264414412
280, 13336509570656124592
306, 9427280694370025246
304, 12821903281990780934
230, 5166277954129506798
369, 1479855134173282160
312, 17259632271784969118
344, 18149016346888358654
53, 16420657239481257507
357, 9354581537949762995
133, 10190854519157993521
38, 7059679735787545097
217, 3470031926085081485
137, 15215839622412862881
164, 3905471632497627107
147, 12528869367754980235
219, 7924940173725801138
329, 2736603513341664277
146, 9433506597817292149
70, 16141373071734401172
293, 1920448994852135414
3, 18262019632177733083
109, 3833452026702085410
6, 6362852865053727226
283, 16458428333412179287
315, 10648044429271171052
348, 2764057483510076090
28, 15310627145618417449
290, 9357462875788893626
332, 4866471319359673199
276, 11442208302487451826
188, 5718142685358784464
129, 6588738881012688761
13, 6956498602506295705
65, 6439191763292212313
106, 1056466959275723812
328, 16741241716413347328
94, 1496863984072432107
257, 8445066968874738845
380, 17522839833084949328
68, 7213303786945919644
96, 3287937046768866789
311, 1416636527521498167
43, 17986432443469568017
303, 7485073830897440035
247, 5717592651748389205
406, 12687873088619330338
202, 3167180545415413912
88, 15513567482365227920
53, 14516505500824778223
6, 4730825651428455366
368, 8242278809463803154
281, 16071620964338097481
312, 17373408648462130286
258, 10962553475282008976
398, 5874138573496850398
395, 18395978215942082558
120, 6932198213307610267
82, 3694557452850960510
294, 11155413132533942926
198, 3559972918984593688
301, 6974468452037572055
222, 11792649356530514854
154, 1024621493134541364
81, 3244014582737918811
212, 1296691607442826305
416, 1490740864179559920
180, 4503867184737147852
423, 12883435704217288464
299, 11998234231835310079
107, 9194253085537512932
322, 11025242310805024479
401, 10130862879767808038
179, 10141020502199581792
202, 6247584743685683915
209, 11804779843578965648
99, 8988000356545601724
218, 11057339072381863690
423, 8325586280761391385
29, 6716493741707589609
276, 1601406755385568396
262, 16431261021257786840
402, 14762858473206078684
133, 15720160672794996074
198, 17768811099739210608
174, 9848181125340306672
56, 15050653021916698648
366, 10662074527856217985
23, 13098401248735357393
10, 7996271323824800125
88, 7581209879221629607
213, 8107753275352065135
23, 7872578212985080203
421, 5609361045708464432
175, 8472230893664502491
89, 8719675142463219451
32, 3649912165468827602
397, 5912288254148058413
334, 11874480203320177200
87, 4295758413407311244
80, 15855417929928628369
59, 13071523916460833426
413, 5159094870563826367
200, 15898780964418560851
425, 1361477090612916727
258, 5784236224445698416
144, 14621865082479980896
29, 17359542807256296350
111, 4171040601813779175
272, 2615826331215136481
27, 1567365409537104081
112, 8321818480003725370
24, 808064817837641036
195, 12342203838529701846
48, 5129773084876169630
133, 14582464596812531251
320, 4567124763512183901
13, 5962613333888631836
355, 7159535200608725336
375, 17920183250389995167
304, 9572071383065305680
303, 17260990594566392950
220, 5897747737035570347
177, 2358857150070542364
355, 3394723239527912975
404, 2319019063997934371
225, 113205917540762419
20, 14249005643844039007
356, 8418427401858226975
125, 3789868149347247838
176, 1054341572803430222
245, 6139766836978533414
62, 16654299583998520007
245, 15243865832742010705
360, 12368032576478460774
366, 7872030336164278157
287, 10172842608195553788
309, 14077499513999837664
265, 819626725601469888
342, 9536562798590992060
380, 315678631136962298
278, 18227109639425647868
175, 8283575990118421246
245, 14430232240862735947
330, 13447826893680455488
42, 13805001759799896402
99, 4266555869215413085
307, 1144077272103660552
42, 17471952081460615513
121, 2468019954748132521
184, 5958004465057357947
22, 14401018548663966071
241, 10093459870660149333
314, 477070438645398153
193, 11314817986953621435
104, 15321361707383194270
390, 17047781313910519275
95, 17853981562574408951
318, 14835752589023497459
201, 8848591310308801954
77, 2326312277376065234
261, 6760108515117658794
426, 11789343787060658410
173, 17239487894413351309
275, 11368309175066039056
387, 16980347209802040405
34, 2507291990654392848
357, 17798485787729253323
20, 16199758840656228032
141, 9874477741497523073
14, 7311903267144636419
85, 47454267477318745
176, 12141590808588792455
308, 10330065633760566048
17, 15745518947356721225
128, 16389035559374948049
258, 12232017953553862551
385, 11981193849000023220
35, 67785558346870638
161, 13759949569145568544
15, 7446812627101624104
424, 15663210565393839257
362, 15454355304981545274
25, 6450694640379013128
280, 8984768200392258836
375, 18404075735299776933
112, 15910110800022090263
40, 13339572699567960238
64, 6026702125510522698
261, 2726853724433137428
43, 17554981054686933392
161, 1576765464941539823
305, 10930646949372581801
69, 4930419372442668144
71, 738072563966937044
214, 15018458649748809850
373, 5193539917668321112
314, 18238072133282913522
398, 16323542100522498716
79, 569124899893545390
376, 4822492871547468715
210, 3246447397368386365
387, 15032188686921531726
341, 15543698095715517261
166, 15931827551609252341
41, 2605663792097333052
354, 693556916761880288
17, 483144222221494147
341, 13948370935277989552
28, 18334400741046049456
156, 10046377199411135210
107, 15935003871565203356
258, 8397508650507588971
286, 13600511056262980613
397, 5337082721638674554
382, 7340382101262873923
32, 8454960252650070566
102, 2354602338482609024
70, 15758013110773924121
264, 12504069406706176053
320, 10961237423686131168
126, 1028256892002090332
172, 6900118075857748950
113, 8724560070187143560
412, 9116122116250160919
221, 3592064604619445621
213, 6922457508562462709
266, 2246174825057128857
235, 507368245497624820
385, 13550635020650956146
402, 10509106113247763448
359, 230157475037307077
234, 8725221239370927794
231, 11919141566021001279
262, 12069516697210598247
166, 5149805807308884724
202, 1787527682501863914
6, 12271309247820493811
295, 18375970671654848098
140, 10973008351442511192
388, 2981608219346261322
207, 9084539120860428828
132, 15330796010847039395
231, 10197947491092332399
226, 6899075614342336697
35, 10666686583954064271
94, 15114037005300201918
424, 1148118114957353290
40, 7296604418214679352
273, 16059563485459559187
208, 12412754406058403759
369, 1694227446725438434
276, 11462481688351212984
422, 16830996793548573300
239, 7621759094431609901
371, 18120928060759709718
127, 6644843453401406923
194, 153739945925924938
381, 15173610195920931924
70, 6272256286465667819
141, 17474009996749857692
26, 1318719710915156468
132, 4044065967126805333
78, 791284936729940198
42, 9725939870521376691
19, 11294752898566901302
197, 2133445938698236849
312, 15286795303225533607
180, 17362061503774531963
339, 2624911467045135372
240, 14935906298148043391
55, 9540371451851301798
240, 712102213942281436
390, 9498872636758465906
379, 5546671904078325881
99, 16633979083068636666
377, 13148128264094784391
128, 7431274802769912683
108, 14020447880550712755
387, 4574505202926755087
256, 4218655579695390090
254, 1594411576244314486
350, 5514679907201936250
314, 13905346919741024440
160, 10369505507217641847
29, 2294328723549901866
367, 10994490069786893112
362, 18115764963831494990
329, 16948043258621791501
408, 5054658676259771367
53, 17391891015274537014
399, 15920754134766580738
83, 8254515218719214234
289, 10155436499069587585
319, 10228329041931750846
421, 9774629439101428224
402, 12988038575305121404
7, 10484423607596013513
421, 3639727393564427359
329, 1990742814980816002
126, 9888283317207392359
228, 12035207081929353667
291, 17782278661336451947
84, 3314361735765269488
328, 11905870355062720963
172, 8848569642159865111
299, 6766653418293115860
227, 8179961855786022605
266, 7325574220944463447
415, 17245954555121269741
55, 5474891288586521216
374, 16499504207025584038
293, 802540214737894948
284, 3626986158388046204
86, 5363853189542017665
155, 5077993568127245033
22, 17762360621374998953
186, 5287410033004807704
7, 15529377043213128498
339, 4495310121268615087
354, 6237646928500826673
149, 1999013655437236111
400, 10155720828498545474
62, 9681235978661351753
214, 2309994215631736189
43, 340298530504024645
330, 4956281338137001612
235, 15499328806544080272
226, 444837475556261872
262, 1837011528070773430
11, 11281631974311620953
385, 12619865045345347564
61, 10028226504992451096
253, 10170737845317363034
193, 3726921160677707481
181, 13169849792456368346
164, 17610285444263730078
412, 2259715133355354766
221, 7128065369930060989
244, 10310108673527112495
325, 155156916769966371
166, 9124426931905152349
386, 15485837700410261559
219, 15392386714830337158
256, 17227965037381183640
392, 1256903617444536017
145, 17523885935856583883
260, 4150846516006807703
64, 7511222921856745238
162, 212948772850131310
292, 17399833253228072540
195, 6869721635621153730
147, 2106368753347348481
361, 12703234761061063235
389, 14799576466680281242
392, 96415490075706562
234, 11854311579173821667
347, 16914948285255986017
0, 3895015825211365986
128, 2959035758886604554
93, 11525342040835110434
45, 16533210001921239459
205, 11355703501492716792
273, 1932555167242480165
398, 7351952922219984861
315, 9219941915744854580
146, 5429927132395369836
350, 1338756758009253936
61, 10649759392599990758
311, 5281514766808772413
215, 13907233535890027351
232, 1142873130341891089
225, 17212087042895497427
125, 1836402952673969006
183, 17259188702198328080
411, 14063034496661017530
71, 4958397412533910875
387, 13597428186903191779
26, 2026067631681727395
354, 15318939241599337321
308, 10463841152083455811
194, 13350918969867647646
100, 3473455981374458922
222, 7298215663614681307
9, 15073806084278946406
297, 1107726090368791586
8, 14130742823553670949
155, 9222616643564891955
190, 5202337681710710916
198, 770781748242698894
168, 16494776131717713842
312, 3838975696365272583
410, 2649821850410902405
8, 11176825615848144576
55, 12994896756036135401
55, 16724668729338965348
179, 1716558726147340548
127, 4426543634435094911
248, 13395965780581020392
313, 15837628177898951821
382, 12325385126337173719
219, 10848515613019126599
221, 1445992131114955642
266, 10651189800213335143
248, 6376407364047462139
126, 11583009740847482976
6, 10722376672037950779
269, 15255654679345555348
161, 12408338444667509664
56, 13791718103452699990
367, 16462258893308570125
425, 1603435886737947431
151, 10025697321536113104
123, 18357578368706932325
39, 12866224403150159984
370, 14489217594182707613
304, 17521742394657819582
417, 13196575559538533925
71, 12429405084567363061
181, 4486457259519698495
289, 7010133724996001039
240, 14333109104680264624
372, 1735004800033692092
88, 7785805600043977867
169, 3586135934306779249
189, 217359036952022051
16, 11246657842558928912
159, 5214923714188311078
309, 6766802851578809854
300, 7919244497865851206
4, 1150780944409252567
129, 8020095480304383143
207, 9447223664295535958
275, 9388848071286650
421, 17188771068256358729
145, 10330021145270924876
240, 8252546841937832946
394, 12071856225986830438
68, 14844786839740043896
389, 3834039096754908071
406, 2476826005070168554
220, 2740208752794334043
65, 12971842821066955068
64, 3704717263884555484
85, 8682687126633414504
237, 4588361882945504903
76, 14162386474932622710
152, 2153007962990123888
350, 17496801921746534913
248, 4431169217812767590
225, 2014865821113673161
320, 822124242185919931
193, 13588331917247697890
105, 14921153244205032399
417, 14664200551300634722
50, 432671578919193653
174, 3363122490161701430
99, 14520993918792023422
352, 2966290787868945578
223, 18437790047373518778
199, 13934849686473206935
261, 15427409261949357968
204, 9878906266170736030
95, 9356341505768600190
310, 9473005060790653893
417, 9034561464251910249
43, 13178924808227820721
59, 16696539213813410572
63, 18083025786180674278
336, 9376086358330432949
242, 12370185281821855045
404, 160590008706046717
44, 6325700410366646518
89, 5263863567902823923
340, 13562280101219739869
313, 7296659365053050472
381, 15356126996448192404
410, 9785558606165760522
220, 17894465416960588687
402, 10131812102269616016
151, 10109436053829404561
139, 14680673477297146376
407, 10861017061182254475
215, 11844706816550613962
402, 9772589521811304192
91, 13141847498822848030
407, 11117221036225760622
40, 2845278869613666325
220, 2244511150239621174
133, 8553432216916133520
300, 7492901069708527982
248, 7382044533606516731
112, 8359205940356296069
166, 5334998872268797747
4, 15014712307754577425
85, 11289760713421348583
208, 6093867656778112423
322, 11863964454969225231
385, 15363880902310492824
360, 14993074451262460051
41, 1589560914350993906
342, 6528618558584487389
28, 5516879202952932215
210, 4675726140888892859
412, 6647742484345689230
273, 17659813512027036557
39, 14273054864837675458
333, 16910257122779439711
143, 14814586872906183389
238, 12947892775285788350
320, 11000603624614563002
362, 4827538241553334220
194, 364272828224663628
341, 17970379523029038597
374, 8913182039260260844
253, 12663737993767136191
199, 14678599132174757429
68, 18098876212112248091
285, 4518833575644386116
32, 9205528476576917627
212, 17022966187777505519
141, 11135226751237841920
184, 5271152165073413351
177, 11612903781334969732
238, 1699826125790658667
53, 16783451375408420356
401, 3636386654829515332
408, 12447474535937921650
327, 3935732564066076250
59, 4129930589503214095
121, 16020067762508368835
8, 6858619389028311699
88, 14179350951970851870
426, 2887205352843904082
284, 4602471562314820022
174, 7633691874661452676
311, 13074248826579006791
48, 14413784657071768127
367, 11450744476286794086
12, 13819196776590181161
273, 14302770965487353739
89, 17918522630265321195
192, 15948458415773204665
120, 7207632326557461182
21, 2730867493732735649
15, 6228924792742479919
307, 18398593783731087838
41, 1835148357894774275
337, 13453720016150454249
122, 7930724286137918614
128, 6389038937320347905
255, 12720754022037791945
49, 10582604422511285728
312, 15265353159001283500
242, 12787288562096143996
259, 16584440992276247647
304, 11728841555172357739
358, 9421729290557362733
424, 3138335148468525108
335, 2111466254332678781
9, 17384080134002411326
54, 12046569710893924535
111, 12813852632138236491
320, 14177905639100205634
297, 5091847253267597988
90, 14237658948523292085
301, 1337837387741580235
387, 15539023884622451449
358, 13989767575558677223
357, 7550469976457429361
40, 18248689605149878876
24, 6796068065110948440
8, 10118033421152991047
119, 18138521679953012720
299, 13322184624094829603
11, 3424240960704279324
357, 17122594244139348971
175, 1444867628313376592
249, 1738343628005084800
291, 13146129876894967638
161, 7797286468497849462
240, 13080079342838789165
95, 5244383660690398565
381, 13373537444323148847
277, 13185205318334614951
137, 4968383304022370145
82, 9491211061740831348
292, 4900315505842042653
70, 1272549098782871043
335, 14433331093861161655
326, 15959835176362228016
191, 9506911806755321252
341, 15100707817557486659
258, 9214125894567212663
312, 15824950732356146545
278, 12204350934021563477
66, 10141613893538471258
263, 9117465721791968077
94, 6262749831077187408
401, 9288326404272897152
379, 254725158491577921
65, 4840609728642535956
229, 14178927761368286156
340, 10168291850372323733
8, 7876113782311507814
277, 17158259286358107460
336, 2933382516880409642
211, 8489162232646377732
315, 16655398573577499575
292, 17199370586477548572
380, 11146026254883700376
203, 16116653133622584104
112, 14847344279433828603
196, 13720927835955437556
350, 17510030649308788166
310, 13666293507895640320
319, 13151326833599512496
124, 8368202260886983605
139, 17191086417421018677
322, 7423155384081305366
214, 1760443603855784898
181, 11538177971394599268
416, 11069860144448560926
126, 12446664815723238037
391, 17537931655550421233
67, 16765844154588679350
121, 16320935031552292723
107, 18004284658747267241
418, 3110176693310340766
127, 6988433569988516656
416, 12735696797831550979
197, 1865088338865094244
285, 1913243607733750673
67, 6423069719266583772
375, 12295423434111640099
168, 1927203356828373334
365, 16425204029522836529
177, 15902266209308643501
414, 5638817028471006042
136, 15369217586694526824
411, 6043136310285823836
296, 1737813022195071040
247, 15717229998968561968
85, 14190438392571187771
348, 832065835536875076
119, 10576668350387403710
58, 12720941880906477328
402, 2187276107606360778
218, 14163177126119466232
182, 2979422552686714898
297, 12593213310823697832
160, 9602243792315300736
354, 12295068419598468845
422, 230290388641629665
422, 13689238740929965696
171, 17579183312557819483
409, 4474277297688659488
400, 6429672115786583630
164, 6236743905049354687
232, 8513593832223375489
135, 18029022444206566926
310, 17286019508980442141
339, 10085021351372078803
291, 16125400071155892862
408, 15212385749567929404
404, 15293909305490632621
189, 13787228244527981302
47, 2127088148180713766
411, 16077219030765024044
209, 11995315715506020242
138, 106997330479421397
76, 6684669804224706495
290, 15897862818673153750
170, 12107178599474856521
68, 8835713134943930169
399, 16084131723412736842
230, 11867771134984899948
45, 13789471798091728573
327, 18372901955688966314
19, 2436581036475145012
176, 11165840541350289352
221, 2813164773583209347
46, 4979160935139219139
143, 6116500257374768800
50, 9587016177717442273
207, 10946392539389442513
310, 10335844190881851132
209, 8244620094132364202
126, 9378441229468249862
399, 7136326325907886744
146, 16202782519539999368
269, 7318015664119407091
104, 17501000415316872731
181, 6201034992255857445
40, 10354839878114769465
63, 13492682684848562001
426, 11450836413965244776
125, 18002427424756016835
410, 13855834797623393931
31, 9428512520812882867
98, 17241231004301911807
192, 3603053709332733268
229, 821806037727749175
199, 12380195336423722929
306, 18443587782506310933
65, 15201223696899013612
247, 10367636810872126300
397, 11913477720111593071
33, 15503811282684053419
344, 17273177381148942013
315, 7665005566913523449
325, 3456082167745732061
153, 18022353698547797549
355, 7389441349971473384
374, 13140323410047184746
177, 15929444057984172809
392, 227601905189238009
282, 6551800542696466170
17, 15251510488535287473
421, 10589239068750582421
137, 10165382562810105600
173, 17701893214715750109
361, 4202797610072066262
366, 15865736996640511266
130, 1553068222388320825
329, 8876283066617992378
110, 3497039557754262277
269, 15439686612318668039
126, 1553254459748809331
148, 1381224302898017473
315, 6810017617060502388
186, 10998499421066993191
39, 8989717434979005754
241, 9837925381252054842
171, 9615879358277796035
156, 14994057912557994950
170, 16525873331453917039
111, 8907337226726293754
269, 16224479273556575609
190, 7805091598878284010
193, 10102661795924275931
153, 3199372380461701121
198, 13976299547147177113
259, 9463408741386288031
284, 15672778080130440794
253, 15094043434273985682
115, 2591998275302304868
329, 11636073868748467011
47, 1956958117328330043
115, 5392280717213587773
200, 4800109771896574045
281, 14058478772574203168
133, 11211738508668695986
117, 13465897243882256792
397, 9170366382622104878
388, 16310696867066968967
138, 1460478499256136734
121, 700208282317154942
90, 12583236939605803164
118, 520174489641804478
61, 17880621791572075859
84, 17490901533283922622
141, 13826053526421222062
189, 719299389359905603
345, 13011144887606206638
139, 16212793423088201768
417, 3055481194435753853
278, 4691215318222285905
193, 8381068837117876774
280, 11194182601695629253
278, 18272924766608984178
253, 14285640701574255658
247, 15154164871462292074
199, 14348105750925262682
40, 15369373770554238970
277, 7343530364940842009
32, 8843849069341442566
18, 14902050901513628394
360, 12374703382120906910
141, 10491079406553568640
151, 10995815259076391333
83, 4421037719829510270
262, 8311113595985002539
293, 14270138697006634988
30, 1854939651973242893
283, 3522001046866793902
104, 2596853555621545345
265, 9138377193925434719
16, 6856724310478227408
384, 3198618880650086001
139, 15972331156435496876
103, 4762752958589007298
275, 6094876593531747104
347, 136792505784258077
277, 2233895118729486578
138, 10162731973302287697
268, 15068004660117373247
19, 2518354156058175040
79, 922720677103137482
239, 15423370711031373043
135, 15094542800785558268
79, 2681374572864018687
190, 13959908251536695893
302, 4670621084751537111
387, 13243160313954247326
148, 5023562653273838568
236, 7867231026577717948
199, 4493576353938905367
20, 14097404688053247135
157, 15645682327603723953
339, 13431868389483253543
370, 7722379910390981323
37, 5027189832790823642
14, 14107998209623668238
118, 13520521212562800495
262, 15591220106969578827
183, 17949050318741615633
248, 4765800197683021986
195, 17036247203007281915
79, 9150862505004369663
351, 15282077958881066098
277, 6104674294411279408
284, 17904702687021278006
297, 6978247580633281870
284, 7560239883393258445
178, 8544503069747845551
126, 608289558818469728
100, 6766603713058833226
282, 1191497773155676890
295, 7934475434239493599
261, 1807202692343059853
71, 1092535079091684990
36, 12863052236290411637
384, 16412985878875726730
108, 5929857233828133586
398, 4705730803042144316
310, 10352385370640508083
272, 17324544868181680524
217, 12510165119219992004
314, 2216682314814017984
299, 7187459619603805994
418, 3559580057517619696
179, 7635006454795262727
314, 2526640159546111967
321, 2128871360570409125
420, 8981547173278433950
150, 16049391276594822864
343, 5296500170400255750
265, 12976722303773538268
381, 12852792431400916506
278, 17587879928646783603
128, 6780119497695396683
307, 2806436628779016634
256, 1173216417191316022
294, 9970775704311564874
12, 15104529365071126848
173, 3299596916376538780
388, 13574102052378607337
171, 16419051353425070424
182, 5341182940370206275
196, 6998636235301326592
157, 5332654872778853282
240, 5222487676786575519
116, 18209159177421312952
262, 12276479521093896258
38, 15454505909712660904
54, 12214575957712248242
405, 1463905169835203696
1, 18348501115322897829
116, 17460676597658866358
277, 3627305261835344819
306, 5191059358682919598
52, 1757007423735002739
29, 7392691229113281848
74, 18323640622704116762
393, 8424752109329589383
225, 2729399745786769342
123, 15544082846978704141
235, 8753624097546169961
221, 12184644974100715886
381, 10613656081191062934
211, 537476676037867479
258, 3345584606918902802
127, 8493620844263204625
379, 4318190892394470911
27, 6764127020721608710
123, 13787317646302724679
120, 12836375718061149646
224, 16694952547061295204
62, 14849295782380713709
274, 13743754840782141993
371, 18162316310638379111
120, 16122568680769329250
42, 5574199259511808089
263, 7687763838956461004
335, 12098531037859020006
42, 6527185806220761446
131, 16312820354408924202
329, 11293679066420131743
425, 3707910626297691957
159, 10588486922269328194
385, 16502284840702259786
328, 7990744691751531532
232, 4284624934557083352
169, 7509466719126673181
341, 12150907250139604007
21, 16283501328188861577
390, 16889997765330953231
370, 2872801241088682862
405, 9669230042511830546
263, 12593625632267295347
237, 8505591097998219678
118, 10452456948327687842
89, 11258632140711688321
393, 15820272604994777622
149, 3838642967686026630
196, 171545008550270215
417, 5260266157195863979
255, 12914585366055718302
50, 11832022996835347083
233, 417800423031142388
244, 9841611497002106251
174, 11550905652623698978
53, 3293116433256157698
402, 13507205194032592829
298, 8321034982404931502
253, 2300097555863428660
3, 7609509804614079298
53, 16020289612295043497
255, 3647576336448495276
241, 11136822965031113257
13, 11046025477024420034
307, 10710492819100791221
119, 16450493377579554794
329, 5273512826666900429
111, 12870310203702937361
246, 6391183093533111905
253, 13911058960451322455
413, 10175058068978427877
209, 4098681366576958913
265, 15372261366368986093
291, 12601392088607071182
347, 1085218446165078206
388, 17808919522267138188
358, 3066902276636604276
78, 8485953195157367853
373, 36962419624914317
250, 10861877291989364045
166, 4480573020174740176
286, 9602482286417587839
64, 4328875709898010046
128, 9538192386358259357
372, 17331194113578015346
366, 11044328608456668846
149, 31695858275089176
255, 5819876839821100059
248, 15742953501653753261
3, 3823327385244136760
213, 18262472546478458781
379, 8951944507138764611
367, 4485374420304958038
123, 1275027214435201170
117, 1929356731430536328
373, 4165724363883979208
264, 14460685789200776672
294, 2966943474258829883
55, 7846020170499656473
97, 6068960077006608656
48, 6085995861792808124
77, 8342594830100073641
118, 14942937833235580493
164, 12561051311278079725
237, 13895151318322966401
12, 12992042939637897789
127, 7151917355108302553
219, 7233198279354133828
93, 13846959534361886705
422, 15392634233375737926
78, 13102991421682760555
245, 4028882735549342021
226, 12519742998930001930
416, 10103720663706245865
150, 10424699443250154696
365, 5817097230923815352
213, 6230126481464348244
298, 12670927680914251163
66, 10697617988782333301
42, 15904990134497321932
190, 1523253177515492369
358, 766330098064226212
11, 9020797627865695498
102, 6778550278329540876
319, 11411439436840750238
394, 15273705770233804690
8, 17523516096387710940
357, 13818852632673429171
352, 8554656281697440765
180, 18383105178301533608
64, 14930577149992769816
172, 2536341001646029778
58, 17831120636597016407
21, 16707326761953734999
8, 4996999029082245247
125, 14781590502246425863
272, 5737889147651463798
55, 9149923748771149034
77, 9029961104283693677
82, 15871597106521629883
380, 7979659515684748195
204, 17283188982758477837
139, 15824588566194408111
125, 1416188325600519347
160, 4537295238978721556
270, 437803022805572499
261, 12703439664183911458
225, 1656106001636910936
389, 17951406026649885140
304, 1268994733316864661
302, 6933672581999586486
275, 14096157730250225105
308, 6392263078372924443
201, 3777055620476674092
117, 149287314881069352
273, 14447804216629384377
342, 10064846271118582895
298, 13111896900953451240
22, 3990435326993292432
396, 10978563735460057659
203, 2299202983432496599
8, 2594612149725530311
111, 16612558903848372877
229, 10571449725696655530
243, 13721412373341357530
146, 8542247531652177346
128, 10813833730576905961
362, 13088483951825973106
372, 17948235423501871793
366, 5437739047820774727
186, 14899200144716152103
329, 8542178974479887917
156, 6728899340222670068
239, 14218328757582757374
165, 2430251955067028114
360, 5066485186807266952
4, 10027252920388051339
95, 16826882312912424111
345, 15142813682109888796
160, 16972155046608980442
300, 18443325745356652500
423, 15586600093375859850
276, 15673169810883590247
155, 2565860065989286611
147, 13625116765067318945
375, 5190146832718640014
278, 2263700223496592790
232, 17562386120848907460
397, 3395630754465363073
239, 8689108941149129167
375, 17577405387304265129
352, 6679904244341543435
360, 12722971053625897807
168, 16725113807145321232
424, 7508640779801334570
245, 2441169326106088244
345, 605009722462885349
121, 3112610119039464364
165, 17237013062914820236
368, 9823658159165992361
68, 16068767459400621717
186, 12072648642680590056
423, 5537700403622531927
48, 7411323543510661188
327, 1566212779383679861
250, 13257430895490148246
293, 11310041695623909714
371, 240272224799704544
175, 12099635155541322596
10, 2517584618613229913
381, 17283662295426487001
396, 16920537822022253998
55, 11286470167933711741
262, 1787872242153172058
333, 8719506142030726151
377, 17250671667062618221
7, 2117997588797631056
290, 4329629287335109911
246, 10390899169645407966
105, 11740891619663726125
411, 10757546139559563721
122, 8284147579134100441
278, 8661830484029241210
293, 16908531173315382589
376, 9539946701541021118
307, 7043398942789903157
57, 14907327010196955371
299, 9194917734568500398
262, 14661941211581269388
201, 9423152135729875910
314, 16401964503820520474
258, 851334460809224741
311, 7449589008805549899
336, 17090650164088629971
94, 1425264624874371087
117, 2439275253059573475
56, 17466305249692453794
214, 221686507364020018
311, 4349673628091585281
411, 10119572827650964245
425, 6106758458209112761
247, 4242861485800627339
206, 5904055638303382886
113, 12300688604286795077
361, 7689624561968356781
86, 14553259951804828640
88, 11903029541209096615
243, 9890368164680124481
57, 15880633559687929917
334, 10447330676534179868
25, 2298553824487897590
242, 12744897545556998396
98, 14920035019537295194
171, 13343898413014342494
411, 13033570020003079012
332, 16532179920814286696
162, 15853607171399764604
327, 4317352171047030006
257, 16949129395899548430
140, 11924376877884731188
72, 7501091696284089484
258, 14702176167663729177
404, 11242472449265103047
238, 3888232802197889137
290, 1517234342935297300
265, 7804635705498850836
354, 7958526005467399357
105, 3489220892573947415
60, 3385356534098510038
27, 566175081149338074
61, 6973929500559819776
359, 7062353373466285796
269, 8394778365693272271
264, 7604386484107009383
218, 15804258417090109086
389, 7653270242869339505
152, 8043756990662723550
176, 7396709128252594421
152, 3204158355212653323
267, 853684413432063840
307, 1554706964601157834
192, 6037568713422402393
76, 2745711110561102018
