1, 9892545767347225209
0, 1010476467412163671
0, 4286991223847068960
0, 9449637568660361599
1, 9310148365898659420
0, 12109437287690843134
0, 14385128236299195978
0, 14026705563134316323
1, 2197462462317748168
0, 9983729086182711107
0, 7053757316305971228
0, 15840324179827028810
1, 9441245986789652270
1, 7520071466727574703
0, 18374713230770807472
0, 9735233281410098093
0, 4714178658479642759
0, 18188085322588520565
0, 14826499115640963947
1, 10268980591992460642
0, 12527367556444420148
0, 1818814105278132282
1, 5471541898696784813
1, 3454884719725065571
0, 12055399600914034508
0, 560205988188505357
1, 9658226457158440020
1, 4207925474206787470
0, 15376432723701400272
0, 13895019386856808010
1, 2228405610527288800
1, 3892905243542946582
0, 11742404167429923135
0, 8781458866062560587
0, 1516631198330693249
0, 17645600536870055226
1, 8927127982070437522
1, 2295390601321830527
1, 8577285432629176431
0, 16860372073390879774
0, 7800401063422866103
0, 1580128401142904503
1, 9174008457433078257
0, 7843622547960150300
0, 13602198908270703312
0, 5579572814553218978
1, 5065338585208778100
1, 802470849447510760
1, 4075633625108274439
0, 5358252858585365887
0, 16256681013411889924
0, 1617365114824248588
0, 16520033633128097074
1, 257414059976407901
0, 4999275450734779349
0, 8749128420485608783
1, 3411614571954866808
1, 8913457633356970025
1, 5272862803547507937
1, 4338294255964932067
0, 8769392339340259949
1, 3044006541443300303
0, 3132870505682374944
0, 11886524966913791682
1, 5732380490929558040
0, 13366257626709187004
0, 10902626312977680429
0, 12946191452827130152
1, 9002413149570718209
0, 14750810550524004916
0, 17132112933269681696
0, 10087369917149894701
1, 9124316998758800591
0, 123121226081442929
0, 7842243234876657821
1, 3774677561428890067
0, 1385632260767994646
0, 6985032346731899968
0, 16034281580586704683
1, 8688154004638770180
1, 352101365275992584
1, 10341914266705550965
0, 1696638058580244901
0, 5691501739143533458
0, 17900859615979110601
0, 2109855115816837137
0, 6288361135843255534
0, 10920118897802167190
0, 3129058863346826622
0, 13923149003690598769
0, 3256498821531847803
0, 6671111519272708691
0, 13120792338322674012
0, 2797823605304262612
1, 8925960582741612863
1, 1585853232696429493
1, 9266511399245676411
0, 16300217107858729743
1, 8839999294181768118
0, 14005501242928861324
0, 14629598276924117006
1, 8821139680316798168
0, 3815299863699665516
0, 7908664487333487538
1, 1571991108295946716
0, 356686159712589728
1, 7192470826812964593
1, 2662513531839942225
1, 9999683450711816982
1, 6066085868319109208
0, 13119121602521866575
1, 4325205653430791214
1, 6585962355126171668
1, 2014344848829299604
1, 3703993915710759857
1, 804367096716655759
0, 10095080912830242671
0, 7576080318439502436
0, 12260422131389734881
1, 2242581737532134729
0, 17014014389979364138
1, 2209664159552693848
0, 4533236035337061853
0, 2037430635397348622
0, 18352342245899551842
0, 13672631109256978614
1, 7012303737326274994
1, 9648127891024367325
1, 3294322116167249982
0, 17291172885432689955
0, 10936995739758077816
0, 3620419156235819477
0, 577429338050873541
0, 10373453246826738907
0, 11255507303592116998
1, 3031494099005337999
0, 13677839146230966385
0, 17997245023668671491
0, 1113308154809786640
1, 2644020870458715078
0, 13613915626269011266
0, 7881990008163128830
0, 620113579862900775
0, 10279331808019145996
1, 3468754360995221989
0, 14479066682295490586
1, 1923202094576375199
0, 11347390803291976815
1, 2355532826936909958
0, 4590856510540993237
0, 3858266761321568987
0, 8149730963129453313
1, 8287615271370103482
1, 2102878221827966598
1, 6199685862990057650
0, 14812749564920249646
1, 1525903705717901608
0, 2880454166421821902
1, 7242124700705723101
0, 2439301832142478473
0, 11439924296320964086
0, 10121001743604413552
0, 7326520011130155116
0, 15339782468738501413
1, 8725090616037170899
1, 1091492908230369759
0, 2113110615105843897
1, 8152387597837188001
0, 18096534134031486278
0, 16322226985571229928
0, 7363715849237120821
0, 111580829473752488
1, 5144309305926452905
0, 8051824035508275600
0, 10194304588102022771
1, 4501320138813588363
0, 5586583304214481201
1, 7273258699400632748
0, 15123069192278775224
1, 5324656987250917991
0, 5267132122118281205
1, 2726822126395815065
0, 17327858614857102440
1, 1801410131356304062
0, 11714309861493134238
0, 10980423050754637
0, 14833870136144133730
0, 13553837638010508214
1, 6177357223498521766
1, 1739199070024114162
1, 8379441746511690194
0, 7237262267316078741
1, 1038612758472564890
1, 10539018743571577351
0, 4429490488973877379
0, 8864411812413196283
1, 4080777796379903669
1, 10365261606365027472
1, 2933932170142652564
1, 9857243609523063240
1, 4906611660048773012
1, 1209928878330394962
1, 6258575284973015215
1, 547707170321939343
1, 8238868518826902283
1, 5394872607830522270
1, 5297178896685608066
0, 8898146212938073387
1, 7668586696287335022
0, 1382140489336210719
0, 15577604055174357368
0, 17462272573637446548
0, 281231946124447258
1, 1175738003344615161
0, 10415230050120921739
0, 5514916421362468351
1, 2554984849002820320
1, 1744477156433320359
1, 5900971331303971195
0, 2823157984221557320
1, 3125114546160725174
0, 10092757818276133532
0, 17330674546005837812
1, 8296629748860736333
0, 815427982909886908
1, 3775828929000924412
1, 1037471664384484380
1, 4043036101637055386
0, 10707471332441799855
0, 17330480017506236299
1, 472813087865521412
1, 8635382018065852456
1, 4515184941829553823
1, 7884953355348459290
0, 10264143665998713214
1, 8727621353341515240
0, 8062735698587593738
1, 3650029939250581886
0, 9842038293545693690
0, 3107088240788771780
0, 13124468510466451891
0, 8784454993199437299
0, 7900291021458371449
0, 13110727548431250418
0, 3538807054238492612
1, 3522998759065210020
0, 7006037874430453574
0, 11342681104079276231
0, 3502751789067707335
0, 14668413597008369552
0, 16732704239530878510
0, 16069501504882758665
0, 4392450001298777999
0, 6784292592972249410
0, 11449353942584332191
1, 4795921173278793611
0, 15468498681617618487
1, 321144138954316595
1, 4435631388511416152
1, 4538700839833119735
0, 4632623971615332264
0, 12156049241761688609
0, 9633986746537623334
0, 11774118843403280791
1, 4694514940822574074
1, 7921881954937479175
1, 4453317743169792243
0, 1013891616331447865
0, 3428125061216262147
0, 10581630046376699232
1, 206465255440093994
1, 7560911871155094856
0, 4377597381912793179
1, 8521130180840547297
0, 16828946789004062950
0, 18335397166849299742
0, 82069297730922725
0, 15498963027485914152
1, 2607778592466605984
0, 4522962652916154603
1, 7195878596158769108
0, 8079661146644247710
1, 10460632562469710535
0, 5690362487163600246
0, 16368469562569901220
0, 12496088665429335455
1, 9216485308176336376
1, 9223794082747378480
1, 273249750519640293
1, 8931798191949186885
0, 786821869223395795
1, 239533956984320972
1, 2762043348684680046
0, 18183960297729336948
0, 3815749378226074487
0, 1807832792363417566
1, 4148869989254584063
0, 11328344922512395722
1, 3503294813771098145
0, 9642150886414702992
0, 5416460133768707631
0, 7328956730138908617
1, 9392311689449252486
0, 10731280549827562125
0, 8837005391914653862
0, 11608006159859517094
1, 8890172713718936384
0, 6030474221060757620
0, 5401035816049231338
0, 7748828391981740001
1, 2253626745208291125
0, 482054559835563728
0, 9954914179147456475
0, 6152147522787030629
0, 3952730811982959234
1, 5553932647048893029
0, 3363849586667391616
1, 606751627406138793
1, 3677341953409388744
0, 15779307638873871222
0, 14298007895121893314
0, 17302578527317164952
1, 6760000223084887578
0, 6984939665279837849
0, 12272157281614154774
0, 4452266702541405794
0, 16445723229742949303
1, 6393818736406384260
0, 1205116658872911408
1, 6708054328475807985
0, 7921858572385081828
0, 6910848490116146103
0, 15265076459256620024
0, 13000433024643884521
0, 14318244452876215401
0, 11134748246299374353
0, 13002536982595947448
0, 2567675965026783904
0, 3218886411228667669
0, 3678263365428831957
0, 15217236337524239023
1, 2322373473546553326
1, 3494678048905301713
0, 14306506325138262811
1, 9495628004416629343
0, 15945881424461603870
0, 9002692496641520644
0, 8087810311711394851
1, 9526535052136291221
1, 8542797153718471582
1, 8031653318475658688
0, 8275907998728772715
0, 2438973411846335957
0, 1206473420963179760
1, 3920953061525418858
0, 13353588531357444300
0, 9586570518987473026
1, 7475346330270902614
0, 9621388081395616476
0, 7815983226056545220
0, 8055821952410798378
0, 9260220356449288764
0, 878475185164646298
1, 4339001244451693573
0, 13496893400634428759
0, 6247313147266879471
0, 12501686268017157128
0, 2726884454638518811
0, 11922915170617819650
1, 3246354831934062532
0, 2771177001197835030
1, 9397553081358008170
0, 11775041584246939429
0, 5912423787876607089
0, 1404167252104722883
0, 13957228742610416197
1, 4750165419510884418
0, 10072436108325538942
0, 9130584660539650855
0, 57070963958168983
0, 15352831609737671318
0, 15924778755473804578
0, 15432923565411980367
1, 9989903368582720085
0, 3152875007098818575
0, 9818086423800952473
0, 18188577334232574435
1, 4838900774985254153
1, 3800878352047069742
0, 9944411086857928064
0, 15686996147658514075
0, 14430797956114662242
0, 11751900631623200381
1, 7925515263883374078
1, 3247210899576765267
1, 4813005859246828426
0, 9184744512012329032
1, 4896540098150535475
0, 3447162119149901850
0, 12287442899276811901
0, 4102284180323279152
0, 9674406885822754282
0, 15718379341382982382
1, 3475474194332257821
1, 3209202847464902947
0, 2048922977446208698
0, 1289973655639554976
1, 3844457325007901705
0, 16081828470728277528
1, 2908952329019472374
1, 9260440039096822711
0, 16042932163454429638
0, 13247957370235042052
0, 18097703876977385914
0, 18213116891676043852
0, 13018597244921277231
1, 9143626664752710479
1, 2172068724288462169
0, 1760248164851853360
0, 8596332737223897273
0, 13591237996250067588
0, 12027703458951525943
1, 10210366325555545033
0, 15032699977777176222
0, 12875881973004784597
1, 6265222081664021559
1, 8617599435474897021
1, 5394012207853095348
1, 2622244736701547358
1, 6799661439011808760
0, 2668033015912377725
0, 6018256469879607750
0, 5750653943093412013
0, 8856183471112601508
0, 15704732227195319607
0, 7421112328262436120
1, 4271824452950836626
1, 1390108295018057118
0, 13104787225756597490
0, 12368432289828097070
1, 554164821812519045
1, 7945207860424768653
0, 14203271225262572444
0, 18411454241300845107
1, 1791204136826712515
0, 3761289230771121393
0, 9561149121620421924
0, 4491584618357529352
0, 1289677982381209810
0, 12898903386414867302
0, 14549648288287582190
0, 3800646488960982320
0, 14592884052746363305
0, 4135283064797047230
0, 7327208040009947921
1, 8224246178522997923
0, 5087798191374906222
0, 13992543439632164068
0, 9535964417611914380
1, 1197186799239650334
1, 8171663933733685123
1, 9822139904136987398
0, 1210325729415798346
0, 4638843803174160811
0, 7890674898262330614
0, 2359873300431494342
1, 7449629617536504636
0, 523750617577930478
1, 6306323522107234042
1, 10477989368283119955
0, 8839540814031670204
1, 4003867197956426466
1, 8902719346385479433
0, 11139874326344885946
0, 5783194474803801799
1, 10483531793523095692
1, 9509266841430199646
0, 3558940661356728916
0, 16087448041863208010
0, 15201558686130379821
0, 9407885550637598100
1, 908625322078886508
1, 3749428674173765581
0, 3361379517303650962
0, 4649847561861165424
1, 9131223847798432782
1, 523033851955378712
1, 2573414625839342834
0, 2498697624550295244
0, 852851533119542148
0, 14675655455568160845
0, 3526337978095596083
0, 8673025780618460071
1, 6249451615205078658
0, 9127263406226890068
0, 13010955979261724248
1, 9183832674524195917
0, 1540757433875359030
1, 9308024593198104496
0, 13988029110185822164
0, 9413117895989095871
0, 17840097682865950507
0, 2364658882818759386
1, 4042913908799553975
0, 429267955908670328
0, 6512834406427581814
1, 10544467993346129797
0, 1322266663884317179
1, 2201305625474375371
0, 13114377470296914462
1, 690215938241302897
1, 10186432716928355042
0, 14164713615249447616
0, 6543749762673061126
0, 12653996671511557929
1, 4939958209144639506
1, 2807012589128453978
0, 4430011669736267230
0, 6725379572002109551
1, 1794996370945779902
1, 10018817486141365795
0, 6184883318307992593
0, 11123425106396560720
1, 9993518038696852595
0, 12289546610130918732
0, 16064260136153932155
0, 16219493227476241538
0, 12348564107132274281
1, 9820418948124336153
1, 2307224543814083987
0, 5272222767372561598
0, 1004597843605611556
1, 7891499036720230293
0, 16501886326452178582
0, 8347137425504783567
0, 2652262325514413532
0, 17379875680352304537
0, 4040990252694121483
0, 10211092742651152106
0, 17715368536598302212
0, 18049864367851072287
0, 3750753502228712433
1, 1422243947189505546
1, 5023490924774782695
0, 2098870629278637022
0, 11755182598702256404
1, 3253511479847960133
0, 5796059120830771312
0, 9102232582035732648
0, 2414906251066332069
1, 9878491331719911871
0, 9596731174500228381
1, 5701054987035004364
1, 550145381603250999
1, 8166291413272452738
0, 2575272450232527475
0, 12882045662249281739
0, 7595920864186438399
0, 216644317317324509
0, 5910189255604915863
1, 1134597775067136119
0, 6404879497633041239
0, 12246400047463842216
0, 1974462130122160618
1, 8104812704271661681
0, 13311409070458394585
0, 8506368644366061375
1, 4018432175967645668
1, 3209891775663145025
0, 2741026213930390835
0, 2184619506741060324
0, 665307911133020357
0, 5640948094336894121
0, 3480319767917352036
0, 3249974038555142521
1, 564202243976669532
1, 8982900551151317368
0, 14385322966747502374
1, 7339887768299288105
1, 3087327286480947619
0, 5821094480193564367
0, 17193440649579777361
0, 1663931260422534860
0, 6932836460729981796
0, 11532929811183406958
0, 10661473187252136436
1, 8432357551739988554
0, 493534619779249607
0, 5971764774914324505
1, 4053539134582330362
0, 7075138846962838680
0, 10665004023620638092
1, 6449853717061836753
0, 9884234720054245234
1, 1614866636073210074
0, 7093766160658366346
0, 13957270121159398385
0, 18307016444915771812
1, 8451617629904915837
0, 1742134551779597088
0, 7940735798893915990
0, 17107081310258148603
1, 2223940104758664586
0, 18021216199822228532
1, 8401603937722258324
0, 1560653128689242982
1, 6932100831406895209
1, 554075709231152144
0, 4500418316568298283
0, 1303846819301445390
1, 2355045308786302276
0, 13500920384065368983
0, 12097888062054199692
0, 14236656623758697961
0, 1740040369093064268
0, 14217938943732149959
1, 7222626224873507171
1, 1932432256073494926
0, 6857164713057921160
0, 16573022720165019071
0, 4365524471246711750
0, 1342789869583507304
0, 7175331369848385594
1, 7868065448940929517
1, 4111119673422725039
0, 11222106990618832866
0, 14643323774828712009
0, 5702490649104841989
0, 8157534116568683313
1, 8772956302737797764
1, 9737644002809978256
0, 4869154013344852514
1, 7359392216774020373
0, 10167467613773220786
0, 9742182882774248021
0, 5564144686435749756
1, 607756463819720785
1, 2712207705435925145
1, 9873186365500350639
0, 5097270027644830205
0, 11140080666630309883
1, 8837582007718356055
0, 11136968965384198829
0, 13029059493249056390
0, 1885530486086106969
0, 10279154410237038305
0, 18006327026112251583
0, 3611037461711773628
0, 9753530250317834314
1, 2214099265202038555
1, 6136368301220921524
1, 5684941570837327292
0, 1419482972091903890
0, 9726096163985609094
0, 9264906465320486721
1, 6569338022715014327
1, 1172565441509565405
1, 8860364922662794692
0, 12003151666183822103
0, 12130229871393965577
0, 5836882684535834249
0, 11168326082722305152
0, 14291135070089707619
0, 10708886562151281019
0, 5546476541702945759
1, 1316596704599773780
1, 6368246894797136424
1, 2227565355839170927
0, 32188572991804851
0, 8500674711884521714
1, 2302828866397366290
0, 15494584109077758081
0, 10044685652673688691
0, 12196492929440824048
0, 5183967043473673131
1, 1400340606760891245
0, 8832102900164538582
0, 15141654891813341615
1, 4806208030985662372
1, 5984569018596247092
0, 10750703103749406377
0, 3523947368407901129
1, 2374971585249996753
0, 16267779138915719913
0, 7650153304213751955
1, 9027912274431705027
1, 1270388780847765743
1, 2751150203654645959
0, 12400017744753278672
0, 13144653430875067504
1, 6465241600619255600
0, 9465628451117863123
0, 16547152514822876612
0, 11020474040423836524
0, 14498377146661561117
0, 16465130013066034182
1, 3682077916647698207
0, 14157528266306181336
0, 13531617267111897254
1, 9126714275823056614
0, 8156579023420507595
0, 9945777287766694550
0, 16817111974107410586
1, 3121288618493008025
1, 7015530227687133286
1, 10171353309125025855
0, 12648451314107295456
0, 14455240680247022692
0, 15287895931165805683
1, 3174803737529894546
1, 3191705776667225689
1, 4043604659583004707
0, 10180474113785533279
1, 3105978821166546431
0, 17690845405157424243
1, 9986041298380346260
1, 7722019622949195247
1, 8014444787517821386
1, 1147217577986103473
1, 5282450199680704387
0, 6342580732325831838
0, 699305815481829077
1, 26470464290645799
1, 10637820902532871109
0, 7695469604288779692
0, 12921326850759044093
1, 440088224666731881
1, 1528352893213268454
0, 3816763503045762004
1, 6271081666562721296
0, 5922617065982145178
1, 4274356073913448361
1, 4092199403635213334
0, 16522295240002569375
1, 1460332261792504305
0, 9003618166758165121
0, 10450240564040903946
0, 4885853778514125137
0, 11431791063076886010
0, 14126788614226959051
0, 18362265380504286642
0, 8922829374254332534
1, 9700389609633139024
0, 10091893507279477356
0, 1685378482183158689
1, 9907432440756462325
1, 8896707483739711419
0, 4000160951836801916
0, 12192105764365565012
0, 4280768181683285537
0, 2959214176102222731
0, 15661260380909446225
0, 14794120409440398544
0, 14619209165127896654
1, 3826756828905793769
0, 15109146376637972979
0, 2854136870764670934
0, 9393319757587513921
0, 417528078636307837
0, 16378148751681083372
0, 9529590157340657235
1, 2590282259648313357
0, 6713367836275330335
0, 14701766066513775532
1, 4570625400689825184
1, 9609701963928817497
0, 13891942337556239347
1, 4138031990248961453
0, 13756197015530247012
0, 2842844883893466959
0, 14943157862656249483
0, 9994481188958979397
0, 207878052337462325
0, 674939719145992755
0, 8270581045348457376
0, 654728112447505040
0, 12010781395962614451
0, 1413612430968421968
0, 6036223634909635512
1, 9394877006520571851
0, 11914002931706157994
0, 14406460231972957239
0, 7916391061977939431
0, 6308454723708141219
0, 10519522947589214410
1, 8824229201752137461
1, 757997136495958152
0, 10943813249349967890
1, 1312123275485607933
0, 12427833704772922055
0, 15682510207660104663
0, 2416982423409669309
0, 3887250392206569062
1, 961097915624691543
0, 8048867234182664214
0, 13280468649818829471
0, 9294454783417919991
0, 1569701162140412872
0, 17113941504195408841
0, 11369201932121941256
0, 6973584316164635008
0, 18437148637266337667
0, 12341233626795714496
1, 295088145809113564
0, 2772488091281587906
0, 16777648853191460406
0, 7115434146237547528
0, 15073099638083481120
0, 4885043762866370476
1, 5099232311178068296
1, 8990667250351103164
1, 3807398493258910481
0, 3872748413308628850
0, 18234839253954324150
1, 1444433492510852868
1, 8442835618353761049
1, 7147938272186458738
1, 158576158545876014
1, 2470494061945103204
0, 3377954695950436228
0, 13492223882602720477
1, 4378676529982486144
0, 6424972337675181649
0, 4649768255821070070
0, 10175689968882111681
1, 8414491188734380061
0, 8843653436609866760
0, 6841230315731620941
0, 16386062917089257920
0, 18163012998432695939
0, 17766033076581088454
0, 11976149022809661014
1, 1391538136503759980
0, 3228591215983171314
1, 10432575731919194651
0, 10831144763234245602
0, 8967954244263439152
0, 13858212358744342774
0, 4928164410941014207
0, 7919056487248393352
0, 9296077531656292404
0, 12907829851574618713
1, 9994934782454536486
0, 16509080242898436997
0, 15367036607215837811
1, 2802436164999813616
1, 6568829926272233359
1, 7284374986837634814
0, 11833247147119357841
0, 10236037485596082358
0, 17734103023112837854
0, 4165395963908986796
0, 731785824610423362
0, 4992577903267097229
0, 9363259970104112379
0, 5108569490767563329
0, 7344601634682146917
0, 10184922229181371632
1, 4636044604154848548
1, 2260336930775628654
0, 14265448528287063160
1, 7661465891711147072
0, 17678895025292051009
1, 826150902621608280
1, 6712377580668213623
0, 16014402052860523847
0, 2457119624040955198
0, 12825703265352623484
0, 5951335731835720167
0, 1600906060483051743
0, 11493141474590867746
0, 8913363301241472965
1, 6856237750187892428
0, 15253008358365468549
0, 9183806331000167661
0, 3590826863434227348
0, 17027054903904146029
0, 2446582472220826312
1, 2542007801162807820
1, 7114738719590810374
1, 5538184082454292167
0, 17056214119963701732
0, 13343561856957728102
0, 15811677676838067552
0, 402054225836593262
0, 9637979621988774138
0, 560020086033968799
1, 6496577430003911066
1, 10010942351351069512
0, 81288069299163486
1, 6604570658792027548
0, 625071314052208090
0, 16943985858220722859
0, 8996539271953390442
1, 9313458197610095059
1, 8106035741917097068
0, 15307408389838951426
0, 5324607892484051593
1, 785823524737512853
0, 18255083555909399932
1, 5122115674910159418
1, 10100537493541180690
0, 1878671315440187699
1, 10433005269695451712
0, 16132913751530304831
0, 7626289648681324292
1, 2937851199866603255
0, 4946353981784261867
0, 16277613361289544721
0, 6692754348716307945
0, 3888867343207225543
0, 852804989727233029
0, 13898451332356902765
0, 11697285205196222996
0, 5451479372882462773
0, 2497905407640728657
0, 11456790165948593943
0, 15316883086304189430
1, 4696415922828932203
0, 2938338593531389948
0, 1847544274614416280
0, 2980021617314362094
0, 1172127551852254813
0, 9771985399172280995
0, 3784772075644920282
0, 2216098799887420737
0, 2511215647783942529
1, 9143531762343700428
1, 503999397743382833
1, 2240762613857354746
0, 13792376092561116483
0, 11415376198385984991
0, 9418412719309353777
1, 2764254830642714383
0, 779185363037808030
1, 8814100618991162492
1, 10510796962064002709
0, 52663998488368718
1, 8354756806014126832
0, 7580800109322782324
1, 329417962100525764
0, 15146380209654551100
1, 4870114727970827261
0, 5204817132124313790
0, 14165675774645717057
1, 5154303106708129167
1, 8099822802984731269
0, 7411510492079274676
0, 17510757597681593057
1, 5280461814458589595
0, 748182775686124655
0, 9736852015223125188
1, 4294203811958863059
0, 17618441161408975124
0, 15145300737539232776
1, 7654292693935636192
0, 1373450009990454805
0, 3737144912252289601
0, 14619441879630723747
0, 11589830272999337449
1, 7276609414208605420
0, 2532190543643853086
0, 10276176127363756468
0, 17436653281973489641
0, 9031967788601796247
0, 13728114287929078208
0, 13937519700551966784
0, 13258372154034367448
1, 10577716253154181112
1, 6001060847806499557
1, 1559187249941108766
0, 17995512387662838690
0, 6860267974378720116
0, 290516593036084085
0, 8263610409300756387
0, 4633902865110788660
0, 15273142456887180200
0, 4482319981310381852
1, 10127982011313702659
0, 9938565191720020407
1, 9798994506998922935
0, 10069406805587174408
0, 7641171816973635793
0, 6120336180210182550
0, 576201609335727911
0, 5256831701093701178
0, 10460381825965134795
1, 1232740747667351548
0, 206608665639173050
0, 9592869670030622104
1, 331679777269080144
0, 13124307732064284782
1, 971402262353723076
1, 4640647846964066360
0, 3463330637472539967
0, 15505778698207565470
0, 10179002210881374282
0, 18381695203544456870
1, 9379422322791450832
0, 5941708459708994686
0, 17105717041715107589
1, 4577077671468954544
0, 6493186869497145431
1, 6763050328128625623
0, 147632361436444474
1, 3108845989071041100
0, 3698382848842057130
0, 4506467488926130215
1, 1855569185238713235
0, 5027857484391706770
0, 3918775709689173922
0, 6014311392326602453
0, 499282442291686009
1, 8601250870719162107
0, 183862305463914502
0, 17089168195439399231
0, 9660007735938876790
0, 11573058918284798603
1, 6962601371504631139
1, 9959949208438270363
1, 607296912579638762
1, 9939575476125181836
0, 17712553402159316736
1, 7011221221261849582
0, 13718120029322376990
0, 16467619802436221580
1, 5130905959586568847
1, 308796281866352896
0, 3593110574799921632
1, 3897143213840178616
1, 6611216368957366195
0, 14722499757277956831
0, 11110303042390643622
0, 17502874714868550947
0, 13821844006945099806
0, 1483429319928621339
0, 3340776032554487820
0, 13585037532045952175
1, 2487100290810169090
0, 12863012361365428344
1, 3785782629611981458
0, 14758850428144953979
0, 4893896502443227094
0, 845243066909967808
1, 8648730623883637182
0, 881729280849510378
0, 18359835413123757105
1, 2308635856861038943
0, 1317218265548696708
0, 9568217208842046686
0, 14550186298354122574
0, 18044972049328585773
1, 10308109738296197117
1, 764902170638689900
1, 475391642573532192
0, 3476731009636015409
1, 9501224302129707482
0, 6070806899927060852
0, 16489890324361003171
0, 17433546922249103215
0, 9567577949685971821
0, 3609840572178665072
1, 4205623274417377646
0, 13393282053797675980
0, 13636790765672635926
0, 6692528898533507115
0, 12938123988656392435
0, 16292022525093006948
0, 3454720877496392312
0, 11748969930331405288
1, 5475866290059187797
1, 10002411092994216784
0, 7258921458932301516
0, 159271198672456186
1, 2555971924902934426
1, 4447393759252173417
1, 10633531991519495775
0, 11197381654326210898
1, 7930829264293019606
0, 10612056576345575559
1, 564758638857714946
0, 12214953847739484924
0, 1677107754539425893
0, 15847301309312464691
1, 2943144433431680823
0, 6161947618157834029
0, 977521139259146729
1, 5533581065343820868
0, 12979995430178009816
0, 17190017379274976398
1, 9594674305349914197
0, 2789218757222623163
0, 12177522720314145959
1, 3462834252767330973
0, 5421369865594381323
0, 12764299713985913611
0, 6311357549671422466
1, 2089059152118589515
0, 11389662765303209410
0, 9388111746725828710
0, 11280201054954189533
1, 7075412594057493210
0, 13458381506363071481
0, 16203125010425453491
1, 8802224629670927316
0, 4381731020670685728
1, 479663801764577831
1, 6504833653133594247
1, 4917363712116102326
0, 6935942689092581311
0, 15801694706028500242
0, 14201992839816788617
0, 795412366602919581
0, 400480432606085116
0, 12741855028120360118
0, 6117840262257285928
0, 4541177207413707937
1, 1148879847546656544
1, 5207798489198748436
0, 14921925318867368371
1, 6442799339389529219
1, 5356257617685332685
0, 819603934782415082
0, 13313860293187818643
1, 4193524768476890545
0, 12366376476875745998
0, 7555062206291671004
0, 8137408887576805558
0, 12975920758292301998
0, 8430171196165880271
0, 802035856879848765
1, 6751773466100855983
0, 2131085370157051176
0, 5100146739159024137
0, 3176136524814718493
0, 5181834076874165433
0, 15422737820421265661
0, 14763433620614614048
0, 10760453146150577812
0, 6418441988904539741
0, 10570943601011598503
1, 2687079473165018968
0, 3486450095004171652
0, 15841310731269681852
1, 10117327561510911671
0, 17933498988126944123
0, 7902550607029814977
0, 16509820194744546437
0, 6205732160301853061
1, 4507820651935753425
0, 14283870417609176241
0, 13346178033046987703
0, 18434095499449221426
1, 5112385420658697190
1, 7774087648532836621
0, 4131762643204787285
0, 9043120765414196283
0, 15527165220159314325
0, 15833560543227201260
0, 13676481065957822812
0, 21734403566295211
0, 6048160268488284370
1, 5193727257852880414
1, 10468233740130052668
0, 16227218940286386115
1, 6902657527011793818
0, 3542947987778405988
0, 7903286921217604616
0, 7594156059916755139
1, 4621475195734275617
0, 9832259619499884654
0, 18244679535305203297
1, 1449243278510782075
0, 4156109070677538324
0, 3293855383331850749
0, 8612126384580104222
0, 9716260297519275240
0, 17022479855538951418
0, 10165690032286789833
1, 1159834382689857073
0, 18099107144991301761
0, 10695228953182940542
0, 1794242044399029198
0, 10713955498559899736
1, 1289273958852330223
1, 9551359629047510900
1, 10409469381808929718
1, 8334132886270304298
1, 9080303942900941549
0, 5453044304484386736
1, 2212364801212843494
0, 2189906265670229072
0, 13935817636334493530
0, 11732457564949087058
0, 5319505354956561788
1, 3061103868560892277
1, 4036575038118574895
0, 7038210443287239858
0, 12125288102505372222
1, 4396425622458755831
0, 8654345553039287644
1, 8090368816421505995
0, 1514034563208763484
0, 11520506059240384494
0, 14649989215256111645
0, 10137241728305432771
0, 14607092158225474681
0, 2528527548093455923
0, 13513298156771815511
0, 7237549940870546407
0, 12796299214880945600
0, 6289377752179140106
0, 7518962907007529909
0, 13701826159883528424
1, 5955098414289895782
1, 10592053851729246140
1, 5357791865434821276
0, 6760783000634152500
1, 9660958864332416717
0, 3177679527569806288
1, 4538751488072888099
0, 17861254369578763895
0, 12331788208807548956
0, 2762267465564640319
0, 18043632790820441638
1, 6540327566536369329
0, 4347176515658570196
0, 798322204184800201
0, 18258916472535289131
0, 9866234670413822962
1, 7472720369928720396
0, 16853459199330534165
0, 10486110071993215485
0, 15765282525301135220
1, 7093014102945615163
0, 2655114149564098961
1, 5180789311645782092
0, 12179657281756760351
1, 9914439722767574270
1, 2897783250355718749
1, 75600348207087093
0, 14572714767648826622
0, 2920106949043180506
0, 16372429775702597445
1, 8550994553358215057
0, 17060101579857596970
1, 1679982672368848999
0, 172172211149140492
0, 2546216405670253799
0, 5943404382214195433
0, 12911344373051037588
0, 7350884700744633860
0, 5879912723189080713
0, 14667385142949121121
0, 16204120142558067068
0, 10924747078463566588
0, 10191879178788641104
0, 9899207548858906773
1, 2980733745061714497
1, 3245445577763017120
0, 8587754420231550511
1, 5496805579441917635
0, 17552297950313929459
0, 7555059118888894934
1, 9261382820458557091
0, 10793409307168265753
0, 11321097737455259908
1, 4093489130007977543
1, 5856640755586085053
0, 2431316311963238175
0, 5311859510741583706
1, 4773133677864424630
0, 18228855606085048097
0, 14385355734508203604
1, 4381833077394195556
0, 5208295444786216301
1, 5662755440794017363
0, 10799043433251689197
0, 15087715754569647586
1, 1489828452142051974
1, 2399359960335014900
0, 6883705192174669414
0, 11514312855998065783
0, 11868174385956532808
0, 18052687467622376814
0, 8482068116410729542
1, 1561475604943363239
0, 828754757371831549
0, 3021476327097459672
1, 8291436659340810467
0, 14547265842281195948
0, 9132882693744853767
1, 3871630724470121694
0, 15457863732670956012
0, 4931919148928551266
1, 2047037390049637626
0, 17840088151629348108
0, 6255775325648801729
0, 7758594769010863252
0, 15909526213209288265
0, 5514551802579753887
1, 1207824003405074759
0, 964091932268663904
1, 8224305769698427635
0, 3966218139000870932
0, 2440652107604010780
0, 5847087233461326968
0, 5313670931873132439
1, 3007085733312585923
0, 3305199468630073645
0, 8895927482560588739
1, 6403294879238261434
1, 9837318861335535713
0, 1518659990039338864
1, 3237411551744945481
0, 12310910149298600707
1, 6139351663266640668
0, 18359889128471054900
0, 10797641441569564918
1, 5168011746283694512
0, 12152843267403228675
0, 2137811860171554256
0, 17019984885438565607
0, 1990269372148120052
1, 3322526388883473638
0, 1207320733878962618
0, 627243066191526701
0, 14920584254958883840
0, 14047655312006408758
0, 7082204930529881489
0, 4646565195914504621
1, 4231607877490461437
1, 1310872777857264823
0, 10225087597715785971
0, 13307639230929868213
0, 9126992329462044716
0, 14794784599831199219
0, 190402897943923170
1, 5719942638645731451
0, 5281631685325411358
1, 5648089793688391855
0, 12802875396326411732
0, 18094895562915182980
0, 17523190225950535114
0, 1410098988362131086
0, 8437286364327403121
1, 6590471837031989462
1, 7629085263165954088
0, 1581973708859459607
0, 1418096596545918043
0, 7513213507552188297
0, 9107363610430986265
1, 1947038055007694854
0, 28576309879804789
1, 2635507246432870393
1, 7509292419689192108
0, 12002760944453981997
1, 4347510818925948271
0, 16453085276883484775
0, 8762840392777327392
1, 1732506867656825761
0, 1911789786033405117
0, 14930411296826067278
1, 2649896945190435161
1, 5495880893452133146
0, 4222800386256531764
0, 2102127062909280489
0, 13170752517009720884
0, 14368898835859715741
0, 2250324785188382222
1, 8749265438484989890
0, 1726830934884235985
0, 11803003394844961088
0, 2700479973530269284
0, 12575523062875145120
1, 1640398732957698563
1, 5543766999950594679
0, 15005575321875144483
1, 2307330780081168687
0, 1455054441543073334
0, 14577892941681545437
0, 15655680084936822252
0, 3695544901056277864
1, 2356171537186116223
0, 6271929646637040626
1, 10192616870870788524
0, 10860397979166496701
0, 9608177738700475586
1, 2530636695905414589
1, 786802525489205538
0, 440810892496100284
0, 9946498894021774472
0, 97644547914137336
0, 13752073443086287607
0, 8769231320383461825
0, 14252564724679751583
1, 6389482969298677807
1, 9136766170359738568
1, 6121342273413868608
0, 358442569861729396
0, 6040824711191983308
1, 1855913324765923928
1, 9881972524777120439
1, 9811206741404810215
0, 15134442029508943134
0, 16763322259398171392
0, 18032707658497223248
0, 3436869325006753872
1, 1904490265080569001
0, 10362835180893345695
0, 2688591979854478593
1, 5768860154471970819
0, 16338053644443433592
0, 6991502095959837672
0, 829781832222038875
0, 9084921840069462806
0, 16886950762501820471
0, 14361487710966249969
0, 16553220096528362278
1, 5658822076952845592
1, 9243774453807869547
0, 7124729051704047916
1, 8404085189920573308
0, 7236973026088262491
0, 14800711904978677772
0, 14715536107315231150
1, 8117569253157988478
1, 6789254271387321125
1, 4965739967011020852
1, 2544479511550257856
0, 1836451811150654213
1, 5514287988954469915
1, 7057586780763612271
1, 9352357677852693974
0, 5779944950662430499
0, 10900852502568582228
0, 1668956026647855220
0, 14778512993507910767
1, 10109573340733233902
0, 909392152143020559
0, 4935044506613752390
1, 10603498079521510504
0, 15778968187144930587
0, 8790267357631436940
1, 6081306353617032539
1, 10148210667490416109
0, 13546180940220299219
1, 8719292183989430575
0, 9164491373540166459
1, 6614759817510840946
1, 3805188907060453318
1, 5078292394183085375
1, 1679304752139139685
0, 13046955822866246448
1, 1714720574256892879
1, 9192155795010143290
0, 12773903429467765620
0, 14853890334093684173
1, 2044000338298327140
1, 1693771968272641099
1, 4474050939362507653
0, 7850555684407377873
0, 6019334249490355083
1, 3956230820372919103
1, 1371770274509942361
1, 7299314207508349888
0, 15168454821567696301
0, 3134022270715628946
1, 3110891697244015231
0, 7904118748131099181
0, 14971868002108594757
0, 12629454975340173837
1, 1661436749793071373
0, 458378677909919160
1, 10101362794603831435
0, 17412486601373281983
0, 4659350031653848406
1, 811544449434955007
0, 8531086916142865522
0, 10920260473904144587
0, 2967178341640303175
0, 14617648847532563329
1, 338456198497926521
0, 4171871901884263508
1, 6616889020036645855
0, 14157517025646089603
0, 15765913794649377797
1, 8975567889335125172
1, 4364160703794413714
1, 4283358876064441467
1, 4881161931693418366
1, 980698966067819399
1, 1505671799625094148
0, 6274572078612047958
0, 9614839608256356652
0, 8539016787767894217
1, 9132223035232769630
1, 8190818296011659896
0, 11760236514028517799
1, 1569487617029097541
1, 1553539498818070685
0, 10172121979799008095
0, 7072716879110978097
1, 8337266270646204921
1, 3535883544997894993
0, 8409927840553170239
1, 5530044346546654656
0, 16910109556068303592
0, 11717649052295837275
1, 7996144283092378094
0, 11429479221035419996
0, 14484791196011576090
1, 8721538352559954126
0, 14195904966099043802
0, 2260337706603164333
0, 6066866096945696674
0, 14024496900783193765
0, 3561448825953519121
0, 231339243670981438
0, 18293333767033566070
1, 814301385364695894
1, 1095281962907669009
0, 17277363822249402166
0, 2462573304126463983
1, 3860131531334020601
0, 18270562584295634005
1, 9229806459833166270
0, 14143371451648012719
0, 10147525802642570196
0, 16213967174062913919
1, 9463531051232786356
0, 17985621005978380455
1, 3074604446553448459
0, 7608125734223932701
1, 670135315737504039
0, 2380041632310750566
0, 6238840010331061463
1, 2879854899581750778
1, 3650432356270772797
0, 8086804874147252067
0, 3788431632076490278
0, 5479097157637749349
0, 10416548635566538404
0, 15948453453840082961
1, 5426237886169195278
1, 4810725845776755629
0, 610585601500731784
1, 3556836419108872938
1, 1375237200949863244
1, 7352895394413862227
1, 1135008475691834601
0, 726553561000012779
0, 6045605833041653361
0, 6694014647822930143
1, 4681373104500107051
0, 3401454227948839167
1, 2136913125529129314
1, 6451579545923711864
0, 1165495983607221023
0, 8170673087857764913
0, 479066332674219804
0, 14316090103752997680
0, 8677641543436788464
0, 2084854039847149541
0, 16522839012497034768
0, 17513711551620240115
0, 510463379965817721
1, 5985797978687764472
1, 3072377023182642852
0, 6153074739824039352
1, 2710431384680101123
1, 5822298215520365798
1, 9923458297155974319
0, 9982226132356250617
1, 4686817912809107930
0, 7886463241378874277
0, 12229719521448134670
0, 5040235985132473695
1, 4578924947418781319
1, 8367284974806854639
1, 4012983214739669245
0, 45641993840050471
0, 3494532678219200070
0, 16704344889760255269
1, 557861397578764892
0, 9161622362158248212
0, 8255009443221246935
0, 2633599811602011880
1, 10362527155259217940
1, 3199557284784276433
0, 9526624993800002711
1, 376655158198480584
0, 8739337041188481986
0, 2826263282583294877
0, 17336514033453812982
0, 3097361666930235065
0, 84899102824427560
0, 6464228580712745664
0, 14815914802772238339
1, 2918286205037648443
1, 9074233603219669250
0, 5716176928248663210
0, 17315610352970387880
1, 4320727199634240715
0, 2328626594964389162
0, 5654048288044298234
0, 7372017436335324821
0, 17760920893316234494
0, 10815598409983473682
0, 12791311760856165086
0, 17541730663618543396
1, 6793582210235035080
0, 4141908779471442244
0, 8797959716940336396
0, 17254792517541283636
1, 6071748167410718181
0, 18002418701649818751
0, 8875198560476528021
0, 11709243864868525517
0, 9018100473638774628
0, 16613322147965549294
0, 12926785275428118221
0, 9261347023962603673
1, 3917633851545825375
0, 12395564009188640130
0, 15155260763234475746
0, 8780942430461935446
0, 15661213644701463656
1, 6669695031646435553
0, 11929010351880444925
0, 3131794661780010171
1, 7782241493443451526
0, 6630849682720382552
0, 18052786535985296828
1, 3149848217904154402
1, 170457381604684392
1, 4533883781137451546
1, 3913767144585841812
0, 11096856534592800411
1, 6110191829074640335
1, 1159133290851532558
1, 2690278882297034533
1, 7765828500522740206
1, 4633139720138013625
1, 3542362965648669263
0, 7201954368465883705
1, 488570057257147718
0, 6099285492528200232
0, 12014217309856958471
0, 15593170704962432888
1, 9440239118740423694
0, 14172714480219917329
1, 8917426246601974043
1, 8119851671155357767
1, 1629286664752323813
0, 12091907160133980676
0, 8794055625215442974
1, 1823244963043701515
1, 905468714635734327
1, 7381316317161886935
0, 5516467264585171553
0, 1010900650164491561
1, 9745625226459038486
0, 5194302639030016518
0, 4756260581852378304
0, 15302897800185713114
0, 8459751053841546041
0, 2570044610193104317
1, 2762854109934095147
0, 14138592738808665059
0, 12530017479940953521
0, 15168509050628131981
0, 4626281130531745954
1, 9711772496762625364
0, 16274017422165580382
1, 10570667468544780872
0, 3101765614943522663
0, 14829054447024544711
1, 9358833193973618811
1, 761232627442644916
0, 33018323965700212
0, 16591370128272052835
0, 6316150707142057057
0, 6278135838097681275
1, 2459145612740009515
0, 1510514116719944106
1, 1327015758770923215
1, 992809562636781933
0, 2651727250276321047
1, 5561563141524867326
0, 18293508732213414119
0, 5387602161886468106
0, 6689001585493077517
0, 11998066842799591533
0, 6359323789637960004
0, 6401610839231585998
0, 13855623804141212975
0, 15204337562900774335
0, 13692058975024937478
0, 10916386873638605609
1, 5276658525984243831
0, 18230511361140677492
0, 13348547365512036686
0, 17439438099984330777
0, 17464411167666805672
1, 8427512989677523179
1, 9306062026552172634
0, 16721023456975543698
1, 8130102464179285094
1, 6724569962696472735
1, 5101404390361554644
1, 1273408401533366136
0, 11065091573994801347
0, 9694968906119866904
0, 17335945375070102195
0, 10594705300502567508
0, 12624736092098006878
1, 8595174109722293037
0, 1918475044196689369
1, 5759390673833798955
0, 12047305435758124760
1, 9537230550086777386
0, 14421071042567203209
1, 6517042846281502270
0, 12159546430564683106
0, 4544152923395043774
0, 2491001502719052553
1, 6171715990422677900
0, 5794203411241703724
0, 13509488030176184706
0, 7239556359873100182
0, 11423233520519578728
0, 9832900629337766618
0, 13831591233076194657
0, 3312263801448604602
0, 12807556906069273519
0, 4432220285952691248
1, 1984754832824438467
1, 3288244296296074368
1, 3717335645027320852
1, 5492551059568895480
1, 1078621210430784531
1, 4301404603488397596
0, 14963671038428449095
0, 8195436534540321176
0, 4856546777194652530
0, 723543860176665346
1, 3964151910518153989
0, 3021339235170121652
1, 5007486120671525579
1, 6288513788826388763
1, 3982570180860436092
0, 15426542340993692489
1, 1254707503161544353
0, 14636268995465158826
0, 6191233657962656128
1, 1491386758047980172
1, 891390776429643437
0, 1463519043146464761
1, 10494045146696375215
0, 16634855431738411603
0, 12797712250467854388
1, 2368043710884133477
0, 15972035685574658859
1, 36089918288583973
0, 1763396149079738014
0, 17828468248798554407
0, 2935003850260084594
0, 10293753777934420892
1, 1021247828571254885
0, 9612977949383564339
1, 9624552545390784742
1, 3189415028334137013
0, 9774099154727853086
0, 4073174670222438837
0, 6489129203666369672
1, 10315830539094082091
0, 4045253508922492490
0, 3328299977654632404
0, 17959165728341258478
0, 833729361715874383
0, 14134077362498616829
0, 14819425875519376830
0, 10649281248181186189
0, 3288371218154965303
0, 3933813980121556813
0, 1921626152373121217
0, 18164965476138161575
1, 7249518885417679103
0, 2784620787466019013
1, 9831275668554110671
0, 1315932175222916110
0, 5818944531173174988
0, 16005835416101587675
1, 4444966653260518323
1, 8321817367150152809
0, 77953855759417132
0, 15968001545517856070
0, 12945099285729488937
0, 8464316403765067773
1, 5831335835045606341
0, 6545134319330261517
0, 3732544392307957502
1, 6197518526495442584
0, 9842055739466241954
1, 542859977634092409
1, 10105986499807325697
0, 6592836194977984669
0, 864440337021652907
0, 6264601812297948515
0, 5495599395786739841
0, 6412798572920915957
1, 5536382506642353210
0, 10672336169452442487
0, 9167694308561073731
0, 17022872508416602075
0, 7566385604184698205
0, 15741429723909695414
0, 3074410341174169895
1, 4887228733592435508
0, 4329635422056060077
1, 4170703397901480627
0, 11898322144869318847
0, 1435728159208543148
1, 2905262617218495944
0, 6264082017059062369
0, 11456529515971126287
0, 4424035688626884871
0, 17011300058255525712
0, 3092116754866749031
0, 10417074075496665962
0, 12048646922428849648
0, 3922335181609813128
0, 6668377388097352939
0, 3845740402700592940
0, 13685698082772688779
1, 2635849928142182446
0, 16314284199195462769
1, 8837828076686584855
1, 4364740631757781778
0, 15746832985524759257
1, 4613865293035118620
0, 6198180606028453668
1, 6709321682779930619
1, 8245413345694108119
0, 12171611526550498298
1, 6174507901948844962
0, 16717873092840536673
0, 1120287927025621240
0, 10128536324975140417
0, 11734473239812293496
1, 3344861207854062352
0, 10738275448989022504
1, 260844063940351274
0, 6927672240940586361
0, 1485231071815869715
0, 4711609428763267851
1, 2243865162906492479
0, 13245532616218762091
0, 17470480441451834872
0, 10213999860629942579
1, 7085822389168740403
0, 7416842296782956513
0, 8190309876156273514
0, 16671420837875947038
0, 6863299413536719156
1, 2419702839319982612
0, 4009295051284181015
1, 8522165092408625414
1, 4697327668424405940
1, 6371756286471791770
0, 1505684111820620820
1, 2854752043166661554
0, 15344604000526614382
0, 6945552993718771570
0, 13211167666071617165
0, 9223550394553762015
1, 1895887343073302491
1, 8469302482585302102
0, 2341602375371344141
0, 6610559765943319443
0, 18272689050488360784
0, 4170382200500267512
0, 13773872684135121834
1, 346018109063224832
0, 14714387974334462764
0, 12023841347376900262
1, 2548996082575727376
1, 9541089507796414932
0, 14380902600679684497
0, 7368692843610065837
