6685318160, 7758350291548644764
1967155708, 6985739921533244857
3284892991, 7143953324581591844
6801186674, 18375650292594304137
1955994942, 9522108979592341401
3842980515, 17184128158851814394
4432939314, 7302583156209045699
4417147254, 14724391137909160341
5850896689, 2024389163341051420
1487429314, 8071497184409022329
4696878893, 787355658676526906
6731050313, 2680417306578109916
3989677468, 10327825833470570070
3260097176, 8201123803431962245
7071961534, 5400162102777223547
3546906216, 3467664653228048170
3967748989, 3211248716580703965
5396892840, 9071811109659049910
7017687656, 15600812011139206558
6640003094, 2486250099011538110
895851831, 471597817499201308
3414180910, 15436801471316695112
851434622, 5124387285270374457
8369227705, 3152257976490807322
1247712148, 10035232641071593167
8038841766, 12918816194312271693
5047937646, 14245310093843033959
3125652193, 6172570190162698211
2916554226, 17478537025580663878
2291929948, 10358381327220582958
2596606316, 5962096024266890745
373053669, 1496712282381685254
4560412236, 16847463534429948486
3847455751, 2354140145977641243
4224190356, 17795970592853733498
26352790, 7493570953632149931
7031681875, 227594865543202074
2650851624, 18239165615659189870
3385672207, 2289746325009655436
7818896313, 6773145475630778331
645396678, 1524942991236821169
7057929661, 12945854647593163418
6673033083, 13238088934546085492
8001300720, 671426911098939807
3857062467, 3081294240677019798
4222630605, 1881280182015385853
269893071, 10747512315407175642
1336459686, 17543862695926942972
7937187872, 9499262291731721425
1753639964, 14583843234177457709
7352820852, 11633738328075872689
6983019242, 18432511341062317662
6900763907, 2706624069833800978
1684251242, 13819377128118048695
3961027320, 14411320610907867171
6374595880, 9777893921723812083
5220438931, 5245923872552647775
297368969, 684527565256637302
269717150, 2602934502498851158
7979092469, 15295270795581993906
2881194510, 9817164741563505866
7194840423, 14981962814631909333
4179670496, 1243528111856635555
6927212161, 15134436476417340986
6415637209, 17493215950420618018
1597957575, 897597557760519872
5807554091, 3032365098718646003
4914904432, 626803318365601319
4671764886, 17157272624746788848
4352936180, 13820917160336692661
3681734841, 8104636210924187467
2222788729, 12981262304054528262
3653512742, 7163775149961876408
493051734, 1210717905161707239
6678865506, 9145906972606591169
5041043430, 8182895355438848066
5585802777, 3483293922421624261
2512012444, 13116481222269384814
2727039228, 10131094687714189242
464121115, 14040244855113926119
3942286529, 7208875347432399112
8099393035, 17750870733120949608
2568904905, 17395104366677880554
7879974112, 8509040270948007925
1679419284, 11355814805306325584
3418148869, 6421032525237747094
4493075967, 13769668721981525474
3481809033, 6892794023978416162
2939884745, 11541576494738901618
344858002, 165850091251382397
108553844, 8803497692498105102
1972890505, 3532296384889869579
8503443265, 6030807440818440425
1391275159, 8307477147016214480
2403048559, 13149114551116747463
6925701745, 12871032745649235763
6823389280, 15149203647669212556
5025790788, 3459435615855233659
1844095099, 11054294228889158647
5377626794, 14478930707508220305
3835321917, 12534764509357232182
8212254240, 5509294697545703408
5385148503, 16790011773231967637
353678944, 8687375367566045087
6874486515, 9775936210764011583
929311746, 14296727189838151949
7236945708, 15998027005126182140
4385320968, 13414775601731945405
6472856332, 10490158074438774923
4819455340, 10684034403993872025
4022264991, 4900941443284983129
4871763089, 14304601503212018739
2767425558, 3487091571356185330
4386711539, 10516715071641286848
1539421926, 14248824717509010377
6752052508, 14934694826125244695
5174583830, 3594384125751568136
5588696298, 8100642140405438099
912625301, 9714521166120540980
4605149598, 12127786061683395600
6985496567, 10738024869576183858
5353606579, 4027418869442298947
6264324444, 3119637193571719158
7773136510, 13892636912761996509
3323896320, 10985424867355066864
65843352, 13400326313722206012
6657528900, 5641966658759868044
7904132857, 1848797041915427056
5242768158, 13955086072819647826
369841861, 13621903513525112452
6305915895, 2199494264234461330
1438105647, 15073123323566087997
1048270872, 13588168737250239907
7453861550, 16702325421898180017
7448898718, 5747629739764568001
4066596401, 15579403852134528292
4228259641, 13374174739325001809
5089543330, 5810310680826673869
4498688066, 9991164842043691245
6127277275, 536352525550541622
2587117998, 6678139085144484410
7627910641, 195143530535923840
2195352143, 14682854618599802069
1739336686, 16159020292993444918
8087041505, 1408051679597156913
5511609025, 11337285873990110444
4544156321, 13958091956839946125
1492055380, 15865765316714585838
7055906395, 10119150601911548328
4729766999, 12991895538483485665
2478984571, 10488145669659949959
4263067631, 15334984807668548036
7176052217, 10100853593131282408
6170158513, 13754335107189757684
328534823, 18094333611060126214
3811598057, 1823764726338167503
5786268300, 11329776346245876288
4162931533, 5442738529517339033
7514873699, 12878723276159550625
192365699, 4372567668695345448
3413784322, 3634417580414282635
5728052042, 5377900396419432099
230418999, 8040191516848522657
7390292387, 10829384037590211633
3570881325, 4049513388052115618
2278026698, 332136974972971594
455307948, 818987745180420899
2013394733, 770009526086798428
2375951545, 16533003812081151772
6472989753, 18126191087561274487
7816471866, 16382521078729619741
3160967927, 12521418797084890942
7737011757, 4121572137253927180
7027466378, 16773035540768529577
4956705991, 821823529750623673
2468634687, 13309557867735871033
1509348118, 12374471874063760642
7961213303, 4433017427200087991
8489461349, 2393385141902931080
6733788851, 11533667587385111552
7089610744, 5127874256000938095
7058029659, 17154592507847749267
7654375489, 2005843553284701665
5008907923, 17330337178147997661
8352803417, 15257566200293628433
4118236378, 10024937536512916782
4736777676, 10948043165208138746
7235567570, 11231262395737839560
8069467336, 8424484244093145964
2478184792, 11209147008127081158
7105933597, 6728963944749473801
925152073, 14203129807417550599
5904217967, 17056407805516141201
2936658661, 10382180010936388252
8461213898, 12295673294360765123
1550266429, 17914004850810867522
3642679225, 15119583622817741576
3650853100, 16713286959699683323
6979926415, 16753909281233482205
3215230390, 15578387840593504118
3298985452, 14758509731693075958
3145159707, 13891094767545738643
2028511091, 4731757075505803438
5815117963, 16154892951356470465
4061374836, 8921799946996388834
3123832957, 4360285214715729796
2093095715, 10240625673828672522
1667253385, 12561728749122893545
3477870827, 3921439094984409403
356961221, 9158589522935897507
3589640782, 16763302041502852277
7464632350, 6363207706988439273
1745013128, 12019021806107117955
5156756646, 12409181651629833306
7718861065, 235214625377322619
4319026218, 17193530267752215322
8084167361, 18062578449177821806
7543731722, 10933665910616550327
6975869351, 6897750224261353760
3899342954, 15765388617978753478
120449517, 988388567182551195
6553505928, 287910046628251695
4561749450, 9499758522101547238
5328571271, 14469447584501917622
2158401782, 429375371866983019
2177665220, 4521350475436256505
553956783, 7856523950728870623
1499964203, 16614999187248291620
5211943641, 830082663612873785
2402702748, 4647203932254582713
1628882912, 243650449384007622
7685289071, 17771477102308122974
4064902302, 1776071649212955283
6613717463, 13613594290787994937
845609413, 9634503536406984783
7490295269, 11707944617116627711
949086652, 4689955683819752223
7729988473, 2429511093394800922
2107246445, 8130546335106022989
1172168073, 15244553504890245992
3479173844, 18192097993497262836
3296967598, 3617894438871274479
2768728422, 16802721269112643051
6203629973, 8673354262969240869
5035282219, 9141175927398743222
6797917475, 14743942969639663118
8103807414, 14282936479739926200
7636063111, 1983036318102772143
7128153658, 17098162919749263474
4201925938, 14503573572595493670
5298144063, 5134036737602398793
6591557980, 5521595868367845810
3415078570, 2209583817868954390
8419128246, 14866529668160334948
8303493670, 8919746927921931820
2514610988, 2521284021376394883
320627446, 2249733110023161509
7417485394, 15602274702958676628
6906132304, 9536972193412722597
854232012, 9221063626365593355
6283658376, 3188900669463577057
5661660251, 8604902139236686717
6343421508, 9687664079553238571
7279294678, 14826165582226213243
3029024759, 6777798716850255904
6810325193, 11357207870364192017
4692136360, 17622865779604029802
6824997210, 18223349388111957669
1848368564, 3633354133017155508
7902783314, 12101538425911517560
1934896698, 12386960813102502588
971862235, 16542500498367212081
5826585863, 11441087781991026815
6342588134, 2570656576458990366
6461459941, 13848848865902789303
3594984200, 16991136320922562082
1963614492, 15988525311284528283
5043637183, 15306233589351079722
4775133078, 2853248477119214541
706911715, 12341154476710043832
7100547404, 10537199630152320172
633256613, 8834027777126889915
7273432540, 5017646882373099460
1164548916, 2331690523666487028
2683433946, 6763021602496367382
1129160600, 13392390239279593184
7426635959, 11559408033872069731
5387816708, 13480661585665656059
5006269459, 14769855182246890040
6152741641, 11997202168214182707
1160279916, 7165065270096406002
366770034, 4901590103076939670
7444656046, 2625232701857965314
1114227696, 17333608884829334157
6330835170, 1160198867878663398
1529453406, 13675002302867420844
3836930709, 2557689223531452122
1779236112, 5407123021614383341
2510929195, 10870214615191422069
6398094931, 1051295290340748756
6569863052, 1029447408969898556
2724023448, 975221816853702139
6783036073, 2195268318973974305
261747035, 11296590387673375236
492069813, 8941395292414012377
5198978170, 14683026811381440569
5113070055, 12919319177628050715
7779729240, 13639748671434648589
145165330, 8864625110923802190
80094579, 12742209910887616933
4973113037, 7728462987162629549
6093371152, 12543798148149780721
6545408575, 7677237171048931563
5974453731, 6482703885863492234
3023362112, 2165799790580092688
6696345864, 1585642826557011655
6096363481, 13034837424874186789
1145449531, 12694813731010836534
4055785493, 18000628265937102017
428037169, 9734853874482892214
1373788275, 12109535421944024276
4832973252, 8923038309838610494
3502224592, 10555391136043992836
6189680376, 10883344591989191116
8166121770, 2815345312107983575
1029225779, 17550235192635757673
2237814235, 9790403939822102711
7788745253, 10775081583021050137
2821228828, 8465747998422558492
7051685250, 14166723547597394332
1017889445, 16267259845584244636
4484513229, 6718359577367856483
953909295, 7332130938038091873
5080220587, 3226573899365207403
5186471641, 5359297859506442806
6204605693, 11709235360188940306
5430263476, 9167781078744890487
1650515108, 9128468894263642516
8494799600, 14713855854249592140
6005904472, 17863654256160550967
2835333390, 1500164639187437588
5292462796, 6836483452421518182
8039282791, 805935810604784635
7664951518, 1900808219918531275
6633742270, 6162803930444096695
2918178118, 7038619276654683626
6096008043, 16473843917133969188
1327054027, 6751259875773342582
1631866623, 16779620466523780145
6507045028, 8613112938670891106
6342913751, 15201333395236514211
7014626884, 15131641145960330328
7448026801, 4992333524600057222
4651746643, 18192300036896896001
7867071497, 10780091144307870558
1167829801, 15920225602331615806
1443398832, 2943059805440543368
7782882204, 9161169009780133899
8228498022, 16150116362754819466
3800391990, 11534414307517416596
7348003646, 14287312476250100253
5710865237, 17403395078926090344
3105569450, 8661316016282775555
4614809650, 15435083236326669175
3134906550, 16913669575355307858
6627229426, 7565435495853213327
224340080, 16990310430004492583
2869684832, 2125091785015395869
6956944680, 16470335334679617427
7345069169, 15001437197363149928
3751741978, 4986929456388484263
5985683068, 6642238698708438330
5652506523, 12782394704373412386
8083477418, 1857199866212236558
8287797456, 16687861399777347803
2812166381, 19572772955173123
5287185314, 11637762992237191438
296962295, 8140705688861923717
3181838850, 9210334414816637801
3490753662, 2068823499496078056
4545943306, 13483559717486339496
974469451, 2087675322988437730
447719755, 10362014130613402010
6061115845, 666962939756349311
5158255286, 16926566729767905708
5624425717, 5375998642390693518
507042954, 13821453781028649555
5430879471, 3680858471124908680
5130528363, 4001008531567061553
5346897186, 4574352467322186012
4547650747, 1947614581273471664
3432556331, 11076666292103967960
133317821, 14002827843788575916
3989496020, 15307307471270985725
2000405977, 2088141988600152515
8315888700, 13558856358500162680
911841292, 7762098881749697668
4443681073, 10170070629919227693
6739446654, 5732894467331025019
4028414945, 9175207288905050905
7507417624, 16094998039251579486
2497114487, 13157667176947473850
2296264465, 5631933860262281463
2808777005, 17056765144532448302
3834147422, 7243781663478317696
3694072176, 11268621190750470558
6284439994, 17233617032031436211
4580997297, 862384573894594471
5994001910, 13821272021923201363
548068195, 1910076801302150879
5486669175, 3359177716395856183
3797182155, 61244172404153002
1853251575, 11119107892417684588
6882718402, 5670329762134136291
5414063491, 5152797095198715014
3444809742, 4001705584552531778
6314313278, 14251762553724815599
2650919189, 10884796528098701311
4099689919, 5188351847196671261
4760509124, 11862960958874309258
6310184155, 1222806052784485796
6137786118, 9201422593239920089
765466080, 9664889487161214188
5527242647, 15574974638060174096
369140400, 6476280072729535290
5607579553, 13886830290757628525
1682642422, 7147461062458815048
6818697739, 767416182033771590
2658998149, 15791473924462090495
6579756121, 6770589510674228970
5158359050, 7804371540664430630
2226021573, 8844874219843075620
470417435, 7166770897836467775
2297611778, 813160308417538672
5634167206, 4634832088636982794
7005900168, 10210016299918176469
2195382951, 2841114605908421356
388373822, 310740452890300103
1438203898, 8642723761374467492
5092511057, 10089939135286701746
5721439884, 31470231026336387
7163847583, 9768080174974068945
6719167951, 10172381096509682305
2405027433, 11934065418861995301
7522143944, 453195500690692694
7175971414, 11722650786458151268
5112914779, 10781060585892287982
5153470148, 18320285700343374084
6243349599, 2794809298151605603
3038131842, 7957577062584621669
7199191745, 3282268190070904190
6586979258, 9895393091572146224
2378026141, 1163066484693198715
2100281373, 13868121081652217286
7206720224, 4180534776302552580
7531276702, 10455424472843468696
3563832630, 11256885122005317161
1503001478, 5632690959785920770
5962023943, 7397151082904798339
1648844096, 7702647638794450522
8313851480, 8305075723524336812
7998801349, 9215981969095173673
3445706719, 5226258931596467996
3897552811, 11881175002296033610
7724349684, 3173115888977415028
7677800606, 1716797715909665187
3524449495, 15194111747218068968
2556459705, 8258504648573118926
4517768520, 6261709137020809331
3404605996, 12005045138983727936
6099644544, 16510343986509119414
3879035072, 8659525576644511991
7196057374, 13992783869066354757
5731594630, 6578892358669189064
7658765730, 10518714942384552388
7876387799, 1900230678073367393
3333444073, 12058496653751418596
7295688934, 2775278311132793101
1103429104, 12930178457515456038
1509101232, 4107745348064439736
8299171026, 17870813509788199094
4435843145, 7411137093712283582
4844244608, 2901641398640355809
209639026, 16808907564359316714
5571365699, 7996175904207819080
3893285260, 17537088691952357766
2066308205, 13449339316787783967
5354239108, 512282177798984958
3704076116, 853413541967614891
2668280926, 16058219248334247093
8300110989, 6042823893481094903
2958330674, 9561207850527069289
8225483439, 11692400303294616545
556738783, 12152787344497293115
6626116455, 6682937797605869915
2560387989, 13459081572641998021
8457061655, 10711126649548548741
3972417291, 13173153777844585774
2751019774, 11904666766758627241
3089559604, 2916697831519935046
4076757145, 2651995418319995580
8137733478, 917354286607860425
3237425471, 14231875873007679676
2645669014, 7093976700041119141
214610758, 1294230383160173794
735706381, 11024696914908974032
5904337260, 11449793550399129640
5630085136, 16507065278348648607
960141024, 5227027063918679668
5951304517, 4027781293466364653
7417451873, 7252565320712809225
6525602433, 13405701355225884972
5864950806, 771358718483505990
1163945572, 4187423992182505210
3645623353, 15449302574533890847
4036408981, 10036477454113543768
5820196604, 1592778966108430000
548354739, 3536539411420639516
1214282711, 17173341364348773242
2738381250, 9192829070687811092
328328611, 8659363962483060504
6012614847, 3300847310467103752
5715663731, 1944898030459391589
7594297508, 13148746653613628684
3233808191, 3827961481092640675
1729603677, 6087019219128972882
1387729121, 16165028129863388346
5038660165, 5003095535820646647
3107546676, 12234131864012281184
5401614558, 8417114609184927634
1384719956, 11283025857645952058
7598492292, 771698222284948472
3934321383, 7150893050895501767
7600232652, 10796249155557469316
6754890415, 2093510676740324784
4972207231, 17597203187203532041
2739596907, 6606835757604467939
7495149202, 11124066828436123516
79015906, 3510224764128649977
2389958004, 773952029903054410
2789871395, 9370247639656901917
7010726073, 1033695005236471531
7434513921, 8539497979058609404
4161905670, 13431141288437164488
8258175205, 13974885886640938457
3900542506, 15133042796631144810
327347469, 17184395889706703460
2669813452, 16631852370289811474
5724566151, 154106350630584264
5534927515, 2609128246503972000
3149994202, 18443748075840763259
1855452842, 567622057398608694
4628491174, 4549737994066494089
8467458286, 8765408961716886331
7953112234, 5354370709860190869
209116770, 10251027788936767409
7345831883, 12967445483022422903
522059640, 2350105331747678587
6193477993, 11145803865696579690
6956166821, 2899246744114522481
1908503931, 14628111556219287790
3384552801, 17664393760492036240
5763443835, 10702417644530716195
5691128265, 4131187879774674677
30191573, 7857546162005695006
2968773020, 569760246987778990
3769224938, 15075474657503829803
1806324294, 9941088569891518274
2808052394, 4109339518389203172
2311012612, 4840288787842450429
8197077977, 13534257158031249614
5222117177, 2602546614652256237
996179000, 5047440315965728829
7808225454, 13319830652708636504
1187250101, 6413844491662800665
6669298500, 7486018524264939174
4590419711, 8868562365090067119
3908731063, 8762624107672768125
2288377097, 475628516132292851
2241764868, 6529409130754040548
1421176207, 9858465306762497090
2690850154, 8422552444859346322
5371766063, 2149223522073030095
4062826038, 5346397205715472304
3412839282, 12227943103663830892
4799839847, 12211095777720761683
3046427456, 3532291193850768505
2007184486, 54310983614548397
5477247304, 11711396812454108344
2648765695, 5653861448223664699
6371541899, 11264856406735588670
7797784849, 12760378250938546805
2476779102, 13817076301681508264
4243898355, 11839728715210425295
3073257536, 15703319872083195508
5010181388, 8503484307282122601
4688594736, 2414852211638848149
7630226202, 15701182346741861372
3002019406, 14515648616055814347
371003007, 12986717418663280052
2152655017, 2618966492749587512
4033996114, 14152961839999858255
1621634713, 16820355454478365067
7823456036, 15713100510770664027
1043509038, 14238673104592064708
4128342355, 5409732693909052356
5026641371, 1272193881968001628
6100408980, 102525059335347659
1173060030, 5856022532013651912
3008428954, 8089610321812453435
7000951731, 10806049959503390072
4815103726, 15257989361275744205
6174421094, 9068394857643304837
6061778693, 16431253267694870007
3167730338, 9281589748329973654
2745982409, 18016469827492950451
7676424375, 17561965708858628240
4982588712, 17918052315102872228
3965058376, 14599055815513326940
5847131445, 13705809238183037567
4831355806, 4028451941369149340
7158960333, 11429343134118548514
2975029330, 9735352393573582174
750968786, 18049722630323178864
2878377321, 1063436700964609622
4283798804, 9482980550879117265
7591985560, 14349642311146394015
7219858271, 17659587226168335813
1827099523, 18012573198121006320
343305586, 17264811914858731190
5915509045, 4545644004586374340
838898356, 4745047786739279814
4260435686, 15730973828231145051
5050933275, 11831230339897891358
3589656837, 7637973613078191083
1843134150, 4933469282495840295
6368942993, 2764549016354693411
8262930368, 13531436613555998786
3400258138, 3846814289728798737
1670991029, 11165475095878442796
4622392052, 3452147441015023263
3316230808, 3414411333856043805
3548244210, 11134628403701111344
6003480447, 10755165763721057485
4676233722, 2455401339679997991
8065821912, 62692833593854315
4120734338, 8860584956921894206
2153909184, 18166723490244329321
885576011, 8909825360510495306
7830731727, 17865085704858376790
5860547767, 9578949969546548766
1585592153, 17717408456519934861
85764110, 10763867667388504027
2120204103, 17013261577335052112
4704931361, 13587782103412517170
4866637997, 15000370422589916838
4529208986, 5785173638887730989
6750791875, 11095354980985855947
2737065497, 13508782161114156238
3689603180, 7013294485776421029
5207410715, 7214497483336098609
1117081854, 6572744181544838946
5005296873, 10846726576884160920
4461135538, 13393443711886179069
757922947, 12011358235037226414
7360115922, 13368738688563441778
4546670879, 15168349700022195142
1316219721, 9484400456408828397
4698573493, 14299129199233341534
7248155004, 15581876200043991357
8335124493, 2796785058003780039
4189387574, 16791813743567005033
2274307156, 11584352722737930363
3620825526, 9000635885406576815
2411731550, 7105514329003341260
1198841560, 4126326019437338428
7458986775, 18305321812904120915
3769487273, 2745301955464342984
2236936891, 5772559319847287798
8004599831, 5067868689828543516
911605009, 1380431544442167339
8343671010, 18431097279942263331
3889663757, 6322198500663977150
7548649534, 3393196509984648646
1229105707, 2570283354721879729
3451586125, 13096589410155644020
8236209470, 10038958461444848008
1980928954, 8298896467477030163
4678012423, 17552146666126822439
6701865645, 8368880924798014959
8113368295, 11483615087213041969
2513881748, 11317236154245973144
2089222199, 4741699187907155765
6676206656, 3253372800705837907
1348993305, 3093951614344496902
2553480526, 10127786391601257061
1454659228, 11266796652353809208
2178509043, 12080749868537670520
6340072058, 14799218219827582466
6672960702, 5786970416890883100
4098545825, 2051059447389995880
6065776516, 15394732530565605978
2935090456, 2626912617657613419
5655733475, 2703818262276917722
8136173309, 8833782507261626594
2365295753, 16229799408190758684
3704252608, 1365080068351319817
4560761349, 14925174142851195254
4442512956, 16053042355459097052
4781716810, 13767944448665128674
3823761384, 8600239763281889247
1404053553, 5581969020761132052
3569466453, 8440360965354467923
4322523703, 3769526803860573454
932454650, 1262446083767448270
5566144268, 9838007632795763460
3936606473, 16211458559904184930
5485341247, 17275494051582471607
2128170904, 16224046509100077012
3491111424, 8856742207909448090
4478762727, 7030160938243077205
6546231889, 7008391445668773412
2730946075, 13074493338432721486
6558528511, 1535158124475398415
5712378300, 16355038465106183017
5923498095, 18395333468020299301
18764692, 12737375034362768580
2727001825, 1502474529291920231
7217355412, 16161079269120135052
6217634789, 3583365773715338086
2248889812, 11804376121491031160
6112481046, 12250880548738228484
2189869579, 7139881169432048179
6559838005, 6207541098291966734
1288525502, 8307293693251026533
2585615926, 16758369180191706212
1380289952, 4874598455190385310
1016668271, 8963223773065556598
2947361955, 10378286857055101018
1111645216, 11066747576480680860
3240194773, 16104966702509279384
2490076249, 12319608860055233413
261137365, 13791598834660455622
7221538408, 3398318632212672210
1432715896, 18387856147911443209
2111005408, 2352910110347189916
1792699629, 15220907378164084133
6009301710, 183526995740325305
6128469722, 10709791086895761143
7252619839, 9555786683315316287
3345984390, 18171976789899371389
2118578595, 2720617915482871486
894078248, 17944486568205150632
7114191284, 12005144887233209609
4276101612, 15203637980828070286
3960414010, 14533102803824132887
2226071309, 13406440688923185444
5751160707, 13962239945411965206
2844367699, 2618413134808084574
7107374654, 16104781421885961535
4851115037, 17093304090841370633
968338960, 3653159186726994450
7670924548, 3639947095776501840
2070126148, 13141266131568474167
6423719266, 11558785175593674251
7760183438, 15416884120885276055
1384041531, 3092750461983232632
8030778933, 1534770139964836331
8451244534, 13265456712164621885
7774642455, 652510572781807268
7624108687, 1244816610846564814
1361909974, 17935108657038192512
6766776307, 4978462380329709881
2660478037, 18127168599742112517
443078194, 5476044039834173164
6986153681, 4069833428797416821
2623340845, 8562698783348561006
6234354773, 13398143665641178960
3180431764, 17449650860109308894
5979759031, 10623656580652679760
4450110433, 1254645576717677106
2178173026, 12349983968876690743
4509567324, 5514830166729734410
8399561899, 4947120234534874300
947757107, 9957389432254274406
993128144, 7858432240817112559
1016823101, 9834807886449930130
1843450737, 1004199520962028898
2692394266, 9049197088824591709
424425434, 3192841568343949286
3497629643, 3307358705888892903
7964049838, 2693930217243401951
5248676097, 1723914425817405531
6541157522, 11924442565553369
1714323844, 13946802899218183625
5665438386, 4937856921047007357
4181720052, 338924839127494708
8007410325, 7688202250126502110
1679813196, 10560015061979682249
7284987664, 8483076343370303240
3961981441, 3368080852122769025
1312472843, 15473097965864347612
6472951402, 6408498206772182327
646808560, 17020680839414267832
8480510925, 8668596587975357470
574520156, 15934478040205321323
6174222570, 17216450298324657945
7377797256, 8681975744287041580
4881269652, 9486766271459077566
6480469303, 3684220975463533989
1527069805, 3283789667654858973
5858512424, 16778018014674867776
1031014867, 4947337268190980615
5471617260, 3127157774963251670
1905456051, 16351304230086179963
5931153010, 677877878050791951
8432566318, 16507764250740518705
1575335125, 12382118591628983710
2754728524, 13638909115574512719
3105346914, 2103589079125381666
1706698443, 15971836102831642127
4248183726, 5190361661973419194
7780698964, 13654302511082303463
1961783695, 14001025976513725405
4225754921, 8740402023907031917
2402107386, 4686962296244538090
2606362855, 15721128640404927437
4619270075, 13516657291882000356
1942051869, 10815974788728119967
2127345399, 15355861357467875898
3296563660, 17140292177957075236
4904986573, 10317239494324151679
6458444629, 5343791119767795915
3794015697, 5439999717805777109
6210676580, 5904164848396595688
424664862, 9132410796813644271
2537886418, 9813303393290629702
7066686461, 9908284719237725293
5101244815, 9139439603771831304
7380444231, 7152151397425618715
6622554402, 17645286345950840745
4175734951, 16532504222509209398
1657690536, 1862269446998216789
2881140006, 16586609400689103014
6232747471, 1519688638916014156
8456070135, 3276834893284391225
2864454669, 10506745030650767444
2502164380, 14539335907752094500
5175046053, 1732851698944451127
2282231671, 2475817036728940533
6516071124, 8993353087960463724
5430380889, 3503773866464354244
5693879403, 16165164023987056456
6748584707, 10774452550013151309
7714021935, 1209907484851013066
1025624345, 5662475133174353041
4099932351, 13376180550585199027
4589645063, 2492348996791274059
1178846077, 18111257732518990314
6974225939, 3041605893735035170
4345909290, 12004349087139165943
4502519204, 2497911680339040083
6880759997, 17102406403015711219
8187976660, 15343822073764248299
4722187316, 10050357619930814413
4339263587, 8402186380991191920
6093760289, 13289512836620345367
6790551157, 12074755382244545784
269340715, 1223014928380466342
3813077239, 4774277958332537843
4915892043, 13063562714691924456
4751014016, 10796931556583391785
692912057, 13957129112389633071
4854768866, 10730114434207436172
2501435546, 16902512561657012239
767866916, 10659829336343579428
4936332970, 8798772329577201088
3558708945, 18068329717308733853
5541477427, 10552400653071387809
6693980111, 1736515598208363189
5398676637, 11564283869462462991
5225221338, 8158940221395069857
4505617700, 329055932286480273
6801338379, 18057186096849168972
5962145178, 14679020450701886900
5245522589, 15109260402891346601
2210895720, 1058383946342264262
4673853549, 11375627619506790788
34324225, 5874058044845187008
1972766052, 2460111759276047036
6816843855, 14917339251031477757
3630326481, 10490635724164630104
4944621588, 17027838849100004214
3550603923, 12322182829170951931
5548501228, 1458752929727036178
2113783914, 11132944179089248503
2819037302, 13726433404494068455
8169214060, 17201937723712082249
5416134711, 3693855811629147996
5610589051, 18372687929439639518
2905060686, 17394287164691841056
3989000771, 9873635273206560995
24857926, 11582653966934304080
3747766590, 12644148185141831977
3534318126, 5400582531684967143
6305232441, 1163185824841262258
8023567013, 2010598729137290674
6056635749, 9398868967427741198
8236751505, 9257921776969916929
3295066764, 3668181837119364323
1398139956, 7781504303523882478
2496569060, 2997265470870165476
2715878789, 429883331751348924
3427604365, 240506415053526908
3130872011, 5664834420051402115
1952163924, 12339954094428955953
5275821874, 17964115092234997870
4237880331, 14938534883902812004
5394425648, 15647748624059239408
3494691300, 16197362012253233230
3853990352, 16864197640279597886
1718558599, 11639055312413126144
5850999205, 16555062444913344279
6195078302, 7789518272843271628
3047383680, 13719813200106869846
7345703633, 7997298494814049186
3133749428, 4799279633969544115
1483446198, 17639760753395746653
4817618235, 526156456720095043
84812096, 3991552625617341641
7212909243, 8200588626236543361
909408124, 3498354776002236018
8005535212, 17817960841167291508
2252130665, 10883573607180408610
779194264, 9958527018394159501
7529556624, 12641063770261460404
6222611775, 1069092288882469820
1306438269, 12273355628083330280
8208834157, 5206253152613884990
730627810, 9737754901718313436
1194619681, 18007200623616763765
4225609587, 8222491445545091468
6710906631, 11310555201843914085
2558435950, 7257608525648889324
1694031515, 16485723730591720618
624607502, 1336783922334267493
4009801919, 18268343542657247164
4787123638, 1238155593291200758
3972808686, 8104851670326995300
3145340270, 11634512118888350970
1880898889, 16329105065623032879
7297448944, 13386497067938365461
4933454371, 5242206107055911732
7615890585, 8579186133356467624
2970566371, 18315161177770471912
7013882873, 18391717270442351988
6990224213, 13205627624801360497
1177220684, 10726218221510961443
6252910804, 15375794316734216606
4876653587, 15113442349885130721
6794950809, 15321013414100881171
4979617846, 4576619217736325138
3131723078, 7792170311859597588
4173735662, 6816020892463831668
6949634921, 6471962067136405040
7534898886, 2332711500871567281
633373964, 18153414087948603443
2068498374, 17152739618692335504
3710393900, 12269156848252711046
1789380823, 1128472103161653268
6958987887, 10274954388865704424
833541627, 9013994795845259658
1669466154, 5689013790779562717
3497145859, 4239257188128588104
3486681618, 10561190108462336206
8452496480, 17840264255108744340
5171033521, 5229386686882328209
631953092, 15507927955042304518
1853857941, 17675146516910876684
6229829846, 486359219047362031
2399913911, 276308969031474809
3207691146, 9347405065330122092
3530784314, 14684665026291316451
2845780730, 7633594418912006250
6885155871, 11425410697004938803
4264378612, 4794402524649002938
1802218193, 687386450723367474
2885205275, 15105890619278482608
2594591600, 8033635123263650959
4356978510, 11348694618348832410
4890758040, 6255963392414259937
873236314, 5872624566247651668
5447887471, 5509540951798613678
7412435543, 9967925453421332935
3248719022, 6950028465595019191
1203135767, 4195453280004946432
3420321483, 14905982944498092469
1375362463, 12423833212901494600
7336009353, 1485042993693398280
6732046868, 12300568634513187912
4733984585, 4211866429676653795
605518342, 507929287797375244
1197904530, 7973827276232268253
8262325705, 9575287815733875959
5329462834, 15191732176782619401
8178990284, 4683601655140104545
4712113373, 5499097231638604801
5096801885, 5004833515716042065
7079150015, 9907763864716275126
7785097762, 5328564423864086875
3879921197, 10837559905643601485
710039006, 9664286346177835098
3855202414, 6043223539253713482
3578800419, 14668024010342757994
5519713950, 1710198027487610096
1337431554, 5598074865435970961
5557405977, 12464232541779710916
779172771, 2917935470524015005
248848611, 9011423337648889332
1248928965, 12822077189519461988
1698845634, 7186793954087754509
7559205658, 17471799190892579562
34052352, 12778674844617324136
813924180, 3950458838786154865
2241627109, 17658900455502120606
7200441045, 13627765257486538485
7599227362, 10301467790321017292
1107721325, 2551140908299611849
998759328, 8545990159540762789
7789996324, 16156389533869085965
2518048130, 14894535684208343139
193847743, 7631118862647777026
2544956822, 15738927537375356100
5883152574, 16577724068565687020
907457803, 8822441190618685227
8376011892, 11463432389133558232
6365602685, 12321392789410108175
453413520, 17256060543136256633
1972736619, 5462839149818071659
5240538760, 8195225952512034987
8111495695, 13012374808651275891
1807522184, 1777821711556849898
1168183184, 4284629240336956341
3938613495, 13898988275278005441
8208007184, 16852844821709162420
2121054520, 5134153020947168921
4324344094, 9687975077241452547
289217527, 316443545417687353
2344649747, 12609647635141714708
8297413131, 4849265537690824964
12036711, 8970456957274173255
3197624983, 11511518746220865214
6030472719, 1770249254928240596
7610606468, 2705251573741620414
4131913936, 7591974394717496129
3506093868, 6545055872380665008
4431746957, 15294852829890611309
4833997667, 4044926278606746421
5641771790, 14407856222405073624
7561137991, 11258026951494620199
3203422646, 6639149586084173828
3063383663, 341854878749708662
7122041152, 3548726639536031392
2821800094, 17442408764414219445
5061631413, 16998468743906897638
7421475228, 4998033438758282579
5767374940, 5085578649097051250
3932567776, 366533942858340756
3230422749, 283390450289849070
5644379579, 6640107228018442983
8472969405, 12609332003699191063
7525718745, 10994079920641902298
5379361085, 4477483271644895360
2839219910, 651191111164504207
2209383235, 177571854921137866
498285233, 18248170272383414977
2498389660, 11151173771403470505
4578183059, 11685941736555651496
3939441296, 10416342108877969979
2210828298, 8070123627904440089
7583489041, 16302893704298782604
6618006757, 11751482108652036943
6577120981, 10505362651250897552
1258773809, 9365556487739295757
5800190515, 147901348919172335
6443745450, 8653228964084431108
7860006151, 2442535889151581560
7829848497, 13497634431129234062
3112244677, 18207813158753676681
446455674, 3372076588516197430
5168059869, 12763807191582006610
1141828463, 15326060431788657756
8447618537, 16292038125448012334
1276789863, 7730354034385560233
642680446, 6900559365593337426
5162153194, 67052915402510976
12823806, 12681109555528985817
1084277598, 14841732903199899945
7518764849, 13212062593485025198
8304809561, 18376206542592496937
7533425612, 2437560765740616049
763099165, 9875880540029069927
8129046473, 2924598514362456662
6921428155, 14637696019974722455
8043817762, 5716780145133380428
8356675147, 11619784423940050467
4105518946, 5782416369000865400
2884240390, 974643111686665222
2077213263, 17780413948869371248
1484797527, 17172577449492429070
3412413737, 13829635678159696196
3152553370, 17903310564047895817
4825970526, 8074739236687240269
2596913380, 3855314718442019601
3711699602, 17862560931109689193
8227301797, 7802914650771689581
7593798019, 11130884627952390916
2511971285, 7137251302008417677
4090398736, 14822228374983514304
3813852818, 13895892302318127835
4139977383, 9059344021968975022
4186615320, 3877154343485564833
6271933060, 11616335246917371205
8249796792, 3076464310852326115
5475034909, 11794852041625983779
7601945502, 16886193303367265477
580413035, 11224243967934745221
32407088, 1725047936022420819
3481994907, 4137620810781853649
7094484889, 2178298156010287084
6077888221, 2510182654259767215
3915049459, 16977057343265997968
399630177, 5580406320591649659
5215359812, 2847618220321306082
6457659503, 7193189715174163594
1458862461, 6854035419586430564
3838023378, 15450295942934765807
6735427717, 4045812878556811454
922800009, 1619422364768492608
450079847, 16923459766732262043
2082961392, 9426214002009935359
3238412799, 17092390170024204180
1926916741, 11653942986008937283
4475305590, 9040809224098510137
6305990414, 9549756684853590887
6399740297, 14481165133621342031
3480179201, 6618806399803301166
4430316602, 1308250549789712989
1015449398, 10730604474409654778
6599701440, 3432270034430914434
762670099, 4225012883327072557
7636773932, 18201685332417216641
4742112799, 7360468761800545992
1820440056, 8882511825042626606
6382572907, 10793233439476016435
2116963269, 14758933636920514942
5503814392, 5124663610976084660
1885722993, 6636057191827195272
3751853134, 16346765619804481690
1293055648, 2203813863908146795
3994378374, 7018832198068844944
1989542208, 2764067554229621619
6140811997, 8840644800076702661
6861335624, 5669232906000670608
5846406100, 17154614974884642274
8073895632, 16266795810683353110
2325994150, 6658206305413160168
1640416244, 17495527004660370960
4011819541, 17454525113065782808
7764781879, 15224770717111743074
4431028538, 18077652832064525498
5164549257, 8348788337107948782
4128258859, 4723920911095780884
3566774345, 13337910386755472429
4968487984, 9814337067947719278
8485692415, 7280533273469694619
1599477146, 6217989685317712406
5677481533, 1203770801028682201
435474505, 7256472906867160509
1649924944, 10196578669573765618
8370147232, 8732650654049471855
4375011022, 4191149970658518580
7814928980, 8419474257891618859
419138816, 13721889667411484764
5881316335, 858500636593700700
5778042863, 16208313038875506350
5985460752, 3104589498818950093
5539256310, 15998938433733466131
1233296996, 2990365345474504523
4351224654, 7089056594441299264
2367756481, 16016431720904044973
4296865573, 13742467032803715073
2237124009, 14656594405269068026
7082455851, 1951397984626134919
5988807725, 13665829264189882367
8445696719, 13760044171667138391
4578680487, 5316930985337844605
7975285239, 9939717452006979258
3871277839, 10573553594882060982
7599923325, 10260615454048405611
5952202920, 9328504216755493963
2371715238, 13283305058129640354
6026859330, 10130942356179472301
3695707835, 14237881996766037410
7880713023, 6327118215880958580
8481673137, 13708878545909368100
8321292914, 14577665890833676748
4845054917, 998791768002275999
956876305, 12378316658052042711
4813789462, 779539588573290822
7513517202, 11115298793290086907
167831649, 17617295400495177665
5830133063, 18394563098217472882
678866960, 3859918583080065025
1452952223, 7628696901772556149
5752571138, 2798306117841363143
934643389, 15360361107648058109
1301978844, 14427743599444534617
2290273515, 4039088038342791451
2227480260, 15953848452822912469
2662945482, 1687162743530198919
8451932650, 6806745451491405671
4478583735, 1158925344622105468
539054065, 18066773842559597204
5209243560, 7925622177979534548
3489121312, 13703906559995369222
6154622642, 18292103152073447932
7246572099, 7407098506455611866
3706606253, 1025475113445725703
5353055304, 5084000541634629358
638742344, 13197892769703547350
2650724632, 2593304882529559842
577375269, 9896840134568471594
4915309026, 3809933843240954975
6680955920, 6682167000348145290
7373610781, 1679222080038501534
2043717159, 8288908935272614320
3906561779, 2320866279848851779
837316740, 18006200664637348347
6366987391, 8916164296794082188
3683667549, 2491819819304910853
7790374071, 1070945370724341522
3555453543, 8409760378359368172
8275280122, 5001469901326930692
7548585807, 14366401374477078785
2052774594, 15754379617380386030
5271351912, 13847087510373877300
1049975821, 13282214188429475894
8387464885, 3868052074197165093
6200054574, 7048219766956781617
656310184, 13095506740322661942
2555307992, 11279253385595672654
6982389119, 4454777071723938813
5270102780, 6901952985464691218
7862010465, 16133411615535608314
185104723, 14666235929640798544
5654078071, 11058991871442316338
3526270161, 6117085642003651214
1424495327, 9257086271408073706
6916382068, 14859767430875313272
5501722620, 537534523711267407
563092871, 5153052356699739642
841307955, 254219434492594500
1526325385, 11285262722415975940
4414460083, 3472599139187747340
3561766454, 11039882521895432939
7140762694, 4554628879087087493
4830672935, 15853317640508600224
470914373, 11435791248736212722
2353967261, 10561221319966512447
6900316718, 5638562155255064425
7249421474, 8155455172978318298
3002061776, 562124159554019770
2822140640, 9650943309746963480
6749799012, 10800394956150236317
4762224349, 16775511977286548444
3407536150, 1982666114807551568
633246309, 1743122075524571314
877375627, 13305684855883448164
4120571093, 9317602679971079024
5525585539, 9133545143848237493
6007694110, 8265987523782437464
3071599265, 6508439573790263335
7949671750, 5026313022090323695
7551608531, 8009824795436384366
5081943140, 2385115268588237949
5099592708, 14475915653681399588
7717241967, 13267029664305864763
7080398870, 8535011127519285511
2749141862, 7693575396300008756
3704209599, 10588731962429031936
4694953213, 11888424398843543309
1238968445, 10846712537590712367
8142745435, 1163536975817215897
6729322756, 12663636421985384790
3595290631, 9818226850944092900
2647530697, 12397320753282475223
3419789070, 5151948853439617100
1185507172, 5934314698970975396
6223790954, 9767776013118558053
901818824, 12509968144676737520
3633418896, 4682755366943319942
5807465825, 9927011522339419226
6428090093, 3380253969088837747
1406599255, 6272436637840240206
3100434354, 4032127357377298359
7992043359, 13157394137959514561
2567330950, 18378184430221325910
8183137373, 7980491356666327224
5045625619, 16684655116001040264
3995118160, 17029935870219853740
3409394670, 14778859921524798843
3891362656, 3616556047581903648
4338659486, 15682202030529934590
8475574280, 15453539476577698716
1882689967, 14917390699649397676
4143941455, 1739465204480155798
4963871758, 16876289978599255866
7628294150, 4086894424485877168
3150311074, 10204905283510537512
2889996407, 6826724618010924424
7235798348, 12825916715158744036
3299630837, 12649083992614578084
3896399316, 1039647635061946593
6708778747, 15562848790652507883
6545618105, 17418297290507712832
1580466785, 3100856358960551614
1105788892, 5960599808649230735
3640372306, 15460528335044461435
6656878508, 4060684080025560071
8471186926, 12914956139858145757
527463354, 7012502887705925921
3973222023, 4645308677956780114
1498272681, 4139727487782401894
6996725122, 17655179173467331730
2152059723, 17512040553669699659
3774225804, 9697126070092368350
5318415085, 655817922799829524
7491306563, 4042262212773627880
3037586829, 16569965053047033127
2888470569, 6743912434938040955
3192641614, 3496711345194598407
1358878745, 2522801023212143593
2503157278, 981101668287372737
3436780126, 15174643392988949106
1733653287, 12621145996328658167
575595393, 3534655954128471276
6785904136, 16070758070354263112
1407680022, 14350783467889318477
7564839900, 2227366654669673017
3973211374, 14083788484768637023
4814133032, 11581480981687490434
388778825, 159593169488890692
3467606643, 5505911061475420019
1301309900, 9375266038179283664
7296470132, 1847876589656585520
2424573286, 15236632154741760948
2624383781, 4210298886362524757
4634936437, 3979544010100403732
3271789941, 9408216158046232328
7613553022, 10079959622102789343
1227458776, 2813596376985726516
2988312029, 14209896773299373943
3228494481, 7047715913789959235
1453557956, 8520372801725693573
6991987592, 8502707070423288462
1482274683, 7118544999896743387
2638925194, 12128695286673163280
2848499454, 10909070026043530210
1165616703, 6373881486734907471
2076263945, 7205291494682074394
733174498, 9844825802244700768
3597978921, 9769739392988786650
43020151, 14923164089314371369
4611632728, 9840491912841068282
4279496032, 8144368925524977393
1101291794, 13460349984750518710
4221512597, 13373832625437856451
2193196568, 17666409502041308123
1814620867, 9209340141573661299
8025086135, 3163142237686967207
8175658274, 12652561718645043721
4043124556, 1438544922579679743
6329893682, 7210198564646687326
8202308776, 5397838977434275741
4584954454, 13646086165595024153
501914410, 7708896095090918483
7715545979, 17473288696213548490
4997200480, 17989541969121523595
6121505129, 17571294449322254577
8335368186, 15005318861987444374
4465488581, 16800368766649475723
7135090520, 9619027471952023625
4603417416, 13167618161057715739
5009269100, 17578687659582413207
424258062, 6332834800322849350
5515315221, 17523666143898069861
7580191390, 14735878510629216499
5313231976, 17018100401685623920
7820469629, 7205258342088407338
825543576, 11270933988364621589
6759089404, 10285357585994478803
8485853064, 16931035463654982166
7442220322, 2630441870596141165
3697976719, 10734756309435124242
3257285266, 17237149276772594949
8166859622, 5344003222086652110
6402104906, 16675475190092219181
2702942496, 987433146177072057
2711475296, 7990590940052768534
3198732634, 5509315698589921391
6468927942, 14909650098588947706
4269810677, 16352515512444173436
2550818824, 426944345914080556
8334595925, 10676439255314199323
8403697797, 9087385484408100918
3069682456, 5372499709635070585
1854770962, 16716482954578238189
4434266834, 16313487078023397146
6545405118, 9978808586509011953
1903483546, 2455097430398035351
6373273157, 15108798178116576686
6606738903, 12823331738927145235
6948186961, 16260615609537935379
3571328595, 8534827509006854633
7125578789, 14312617580474710241
251797650, 15760342445540941393
2107254625, 16279183269323423094
3266133808, 12697303498105505610
1689969202, 8282711795990731984
5725137640, 1134821964413208284
5042827542, 14865686520463971808
931776235, 6498612496663066201
2152672084, 6098202250497428471
2212685721, 12759957061592086658
2744686747, 6989754272183235658
7583326923, 2338347491916626684
1266500116, 5637053428884593663
8222177606, 16564059512855895160
664199111, 9553991468986190156
4045412944, 10816400974938986754
3086665650, 10757612996114291430
286056840, 14426810087597889228
1788383249, 18389923960603923306
1910940436, 18149910362950459504
7642984102, 11177823159267294373
4004138900, 7146688598560347813
887432960, 12632169682246242033
2264234862, 6155258341612150575
5940873405, 16255534055131717100
6986275480, 17703972869390472379
7896698711, 16584631613585913882
4406851826, 16576876719413307611
1328940047, 17540167293622776893
203966782, 2308477643000903580
7523214651, 3767289678677601093
8080846447, 8179075296663092309
1275354076, 5703725330509457755
880656077, 6710801013330799534
2275776143, 13673153788349965136
7235670362, 4377154505133410358
542334405, 6264192203643388705
6813903342, 13886386264367063330
19908613, 11374328014131677678
2540819775, 12897434450317687733
6309304109, 10411695967740587265
8091593653, 9536290524943418474
4550764624, 16607992901357136472
3727366077, 16741740596550991166
1251508921, 1109197555987984187
2017618479, 8970746164135033824
3074177602, 8468689710601547368
341681442, 6733141740100131147
224125247, 8739770410401367005
4281568389, 17131360387042490790
7719782360, 14790060883255506899
3906036814, 13217071740483000759
7585249553, 11686285017593406234
5721264409, 7999932865192500099
6338563658, 10624127036223597027
2656704948, 16591256317394882405
3218814331, 9090162163286583275
4682551641, 2097112497896072207
263325422, 11690078638809752550
7894011670, 12477048869689416941
6325690524, 14040665876345431452
3175101062, 3503904839086557555
5765531247, 14945445344357271828
7209691242, 5570225496303470997
1051879340, 5367198300231597819
6958996364, 13881794458227652373
4761353872, 7472054790571009767
2634487603, 14132442229680145334
1618151854, 7444564945481282416
7915376070, 5239918790469393491
5164232478, 17844959817063067693
6130812364, 6860636425919599058
276565284, 8334643168847940121
7413875390, 6632044593288693849
8343400716, 16572095239375177198
5496118238, 18296793877843718903
6496875686, 11617874142720373523
11378851, 16877733938166783150
7857077675, 17963966641881239540
6665467334, 11556329859341687657
4608207917, 251909236983222339
8360168521, 13888603078876180948
783303567, 11351799198587102369
6995103984, 1363767687537777909
1159517870, 9001037724971783677
614884822, 7481959861307680229
800626182, 1076537089239828949
2174861386, 12965214182247207536
4550459060, 4714515386088954421
5233652888, 5925616027528815092
6299619237, 15659778055473342223
2494741343, 9490014755244354931
1170622533, 12507197940513134128
1755987089, 4833527664127142573
5984119386, 4395693953998581102
7537659347, 9737364233945054984
1515180013, 12870677284857638020
4190240762, 7109666543022739694
2971901198, 7550480794726338979
3148050617, 16076750747426571614
6831566123, 930227986724931918
5156775536, 15622380896226878352
6242501087, 599943950219584427
5452488972, 43523593352765027
1625334709, 5169575486436868932
3909571066, 18354246767317211436
2478875430, 4384034583744388548
7966395653, 13027316484307601824
4981448040, 2520620722636414330
6461979970, 9650469816545516729
5198749987, 8502228555674584722
8390264911, 13210447707466689778
3205530293, 14374444680386045806
3503665522, 10689213051816295744
6742162656, 15126403209194533890
7955512673, 16716487256902119181
5058292572, 3593747655214338999
7851553699, 12329218510918471878
271019280, 9250597877635051864
1744667782, 3150909358068467767
3338571200, 7271733465907643106
1695599965, 6195685949364951786
6155216488, 6124974116586159551
334407138, 5796225759165106284
2857119619, 5195076982080514794
944073175, 5518152350398141963
4776161276, 7614648850912562305
8063337506, 17510446797781702980
3880733441, 14454931807810593821
8337009089, 8421320571676851713
6663251056, 7210337284635919379
6486371205, 16820943033682965752
5649967873, 11941372266422130953
1433753574, 7751404852674142790
1076700502, 2549143688454743656
1249573931, 608404573500703193
8217906626, 12670922274301647793
6090527285, 16297816291071093136
1775710599, 16858602016025379707
7630493892, 9186142838757620438
301038640, 115581326439387152
1973751131, 15210093016540196274
1546011549, 13520799549826031295
8017063709, 4959614182418879220
646289705, 10930045623589623451
8280535017, 16872351377145675342
5513158176, 9766911348728917403
8116785198, 2217616508824020346
1994937276, 15933828770163330172
819984984, 8107135788779372659
7829935890, 9860194462639184998
8456865601, 3123332849561735935
1143858783, 5674177922814893292
3010670547, 7138762344375945084
7530330250, 2703359522707710410
2964147292, 13342272758534581438
6726595972, 10186454731154968049
6340551291, 15025900053879175525
6939046856, 7545122343302799689
137943868, 9754981894049793503
676141587, 15804818437879549961
8040455385, 15989343769471225761
2207364300, 7835881808078877481
7935790681, 8128306398858441395
5819448760, 15239220549314232703
2134205397, 7767186116697848650
1944056997, 2757561245526613855
939891773, 18363809641867758132
3996056648, 12192305366682849229
1389981909, 17099576244548392315
4977808751, 17375216536049786339
5512991915, 1787715338229067040
817248689, 5100017416174979895
7055807667, 15173166636523944365
7284705209, 830825948348068643
3133216541, 5778996915845683205
3906442500, 4833920226361377970
71515522, 7587361246366070267
4267003263, 15794691389218959453
1315156758, 1948648655037063520
1948779045, 15883595984962349019
7659956728, 11118541319446575755
7427059986, 15566738549627472151
3596897245, 219249678925516009
1606783341, 13307758922569204868
3674029457, 690065501110800518
8500402596, 8309132424972871398
7004608603, 10276157903953641797
3421040487, 11002613995593999248
6340267690, 14575248572435862606
600105944, 9186133789941288175
8470477461, 14349586103414316845
4656824503, 12839411590383065078
7526540077, 14735170827458967223
5903660112, 10015065966779754876
1064190539, 2957098719355734033
4884933084, 720628079648805028
5353008634, 12726033872608368460
7730510337, 13188632468501087988
2727061350, 5717540930861404764
1902628189, 16184407977969563417
5228696284, 17228618043189262617
1588502158, 12609417446192279787
403009216, 10925436491477997656
4850132568, 13946238832668216758
6291241898, 17184653250553970627
3905663612, 7248279944527864761
2744318380, 907732818482212406
8371312893, 16906398275527469259
5089257837, 11290737551977197969
4965710311, 12788502801638481171
7419743217, 5459977657135021243
4575871675, 15438678366993450582
925276083, 16666217478271394952
304361106, 4429434547897246930
4873952631, 14392562815620230672
6528863565, 16312316238725337665
7850128856, 385070602755942477
2298428164, 15959780025760424430
6564972254, 15587676006076286185
8365832163, 2320105438251141563
8228391264, 16840771710836135125
1602258571, 7308595416111827182
6958705137, 7023502070044180378
8350246011, 8833177241735676261
7595765814, 2056898227728092314
2593683255, 1970766215645557774
8138012626, 11111189817214463701
4179011411, 2590150035757458946
7747508895, 7740909836595088509
5580787704, 13241089915851470842
313291096, 1895568777612302022
6746847736, 15746228328502778735
2629405622, 8094723223421627813
1421363222, 1127408974428641176
1125364729, 15492326856491653371
3978968414, 8324215424167288254
2445710655, 2128939174593730750
3890091462, 2767324248470742497
8388514169, 12956165862857066531
6583563846, 12648010226257364993
5757638871, 4620960504664701288
5197595447, 17961357492069205802
2689525825, 12723018380964417050
7985045900, 5173904037746158704
578707606, 2837015182847286826
4646001933, 3693839514953231774
1010628703, 14589521251747844327
3354233620, 16244948232770432496
8161483354, 14455979825196509696
2070715249, 13732185048902908022
2356337547, 496225997484944870
8343203712, 354638434409091545
4514003505, 18042177711393301205
3549896985, 16388298562543600190
1412445556, 7354747040585831684
4830982225, 16582874705326822909
6679334121, 13656868919777005545
4183025735, 4291310922925129377
5871330505, 2540991395033381131
90245980, 6935689315737449950
2276121046, 1540377954704022539
2722113184, 4430539992503914519
4557802991, 13290286591569924012
1709537080, 17200412660229076220
4712505662, 14316778105209149471
5663499836, 13162729426901092927
12956285, 13683280069179951068
8353936497, 15637930268582601613
4422015422, 2704634748676566157
3322329635, 5005530543468980066
7524772150, 14579341656377123907
990917712, 3801640937823479218
4359154559, 10946414778864190116
6501968221, 8420213145747993534
6236161283, 16661886056311796792
1678292833, 10315781710078790102
6152982265, 6390984381317952894
3022090186, 6728999382520430951
1479321277, 3164538449870499461
155261166, 14251622061685161051
5549586065, 5512735201727565526
7081311746, 11527837070903350169
6860039453, 4598536777412467414
7401036269, 5202693872196300900
356394381, 9424052058424857355
1419616090, 15363481783849365048
4082137551, 3277298255684896003
1004270363, 2663694825015243063
8481002099, 4932902373730690066
5479298480, 5370174016632485558
8397695505, 2453418905211862006
1605129926, 3284951099799291130
7594832530, 16017015956322221259
7379546773, 14830104721961418607
3873559921, 9258703375312830220
792494140, 14904202390111624369
8175704695, 15282197166673292053
3938989439, 6831569114224281895
5345696541, 6017602659464437166
2334874416, 10069051505841593171
6324074580, 7376990055411491092
7689274644, 10184567635854441185
431819531, 4968253659116280135
1315721826, 2675498404172603734
5810455852, 8613236281690501805
2326145441, 18095344820087740875
5729281491, 17658750332598836248
7850465490, 2891814074927184331
7196233999, 17564708333165001090
3611466849, 15730911634935018179
1242205611, 2963269961354286106
3980190305, 18046320790963766409
2217925731, 14783241968771065921
7193405566, 1433867030979153255
862726279, 11153587115733932098
6703630984, 17990807661081184790
5448477411, 17759980414650568095
5445174658, 9647785148040069513
5525809582, 2669918973296875871
5896789167, 14989036877203901620
4399556213, 7811693281025835807
7146191540, 14141619503076064117
4395033739, 4360917567678886728
7683971970, 14717017624474008337
2302124598, 4365151742061245294
2252030673, 5503637015610072446
1316126056, 9910998124493278751
8386228000, 7025680511409645420
7579487157, 11938986544633466045
6299099860, 658085478437897346
2148285183, 11395947563293908764
4516351456, 8165486306130454031
961700657, 12524488479916169674
6515536054, 4603550739638560411
7675615927, 15018462236521297399
5815226007, 9454209456364239372
2344659086, 9755360612855936268
6532513876, 5043454503091110608
4945556265, 631023099193323192
3114997817, 6539594547004402806
48154519, 17962423450926498642
1682288564, 7665974184949375576
8350521400, 12807432251028385071
1583489689, 15348816689265934253
7229033711, 10188429830194199869
1325650888, 15541515810526401099
6009443985, 15343529101458329448
100776673, 12774555931527055346
7122716202, 17440137420005719898
4460233378, 9818069684937650231
6148763996, 539108770447200432
703699886, 8615651054948182834
2996391743, 13611185185860533004
4376483686, 16270332059908751645
8015189504, 15583316521876982558
4660333230, 3863620400104836170
5949391117, 206565932921084596
5742253985, 4612277894902158841
7558845797, 2273517906736039142
1495372761, 4266928795870219221
483672953, 11430760148780076045
3568503742, 3479786534300213055
7593315701, 4108852883046681165
2441885353, 14659946381771256012
4423935817, 3250235159956047510
2771461619, 12732610210039283808
3940923724, 3859204098162446621
848771184, 5519663530356729149
5860286812, 5505491167289417605
7390392751, 13631177559892312713
252234634, 11275944905184005440
953560714, 17165019815107403852
3162591982, 15760015311403507613
1326175664, 4809270384714863231
2731791736, 5172907972477009303
3744428025, 2650677800798170232
6126529028, 14079351845222010198
6316715994, 648432598962338187
737287519, 5687494934921444902
5702669120, 3139053911412074070
5052889130, 8818603500689605252
7250361879, 3888986428527434212
6883729034, 13924050839336410090
6790665084, 2226426769460121587
3234389774, 4204312769134094234
2339048699, 16859842009612785214
6389117767, 12255443657855606808
835905324, 734110425296575893
3304322634, 10378672653467736649
127383613, 5745867206800697357
7601806169, 1841616652149370457
3638623005, 17376942379263673236
5206787691, 1342068587474455611
3704151450, 2554093128280805111
7079494070, 892951117878741773
7428676134, 9795854535949983823
4397424891, 4942558719007927883
3068735697, 14208938422126993648
4365836833, 1580227097234634011
2075502647, 9248432606335422924
1661344376, 13224470501593064800
6865795222, 286917082713770655
620397681, 18124180800762551838
6534484121, 14939809088933797520
4301471729, 13957741979632627831
776134386, 1262574242835564487
6894218315, 15910280044142868827
6836754165, 8089911479647184747
333486514, 14700097858857120887
4145648318, 17444448186192627468
1865396904, 15865858344584611656
738546095, 8569966079940869684
3455899046, 10534586041341441843
6446174825, 9114193937371562769
3373223034, 14149769054129961632
6575761804, 13814692468888887461
3236446375, 15579087156267545089
2818528667, 6317718789628480726
6755003676, 7413556301430453264
3646907788, 7034383759133606305
8126032274, 12345835784962958692
6979528244, 13935071503732513840
6732224340, 10829413143334860962
1966975664, 10405532322294928506
3519567023, 18434574456478168045
4095213764, 14394193277550663786
1940199188, 14701898408005449708
6662318025, 14690582754586059256
5470872728, 46094421781525667
4717159366, 1267569429767964097
7375796788, 5477159388335965117
561042076, 6701298877171446650
2162851643, 14857032607176340535
922629926, 15230419889978744845
3511756734, 689680960869134881
7470687320, 4592724790610563785
74690387, 6993190456482681412
5626652718, 11932114350758402905
8101390206, 5298440652010812324
5949404738, 13302590404515298252
7421769214, 13037382816774902502
3242396575, 13129982667315568576
247869647, 10363804675071279015
324362926, 240206786404356229
405848529, 8334873094330945677
419389666, 16271781133620294089
5269517465, 6764516608232473168
664536524, 11127807509732683903
6047917509, 14901894349590727309
5081233111, 2404204636137317947
7135719541, 17625674112794174691
672830904, 13813348033176035390
5843918284, 15209176369246561047
6387316536, 8483383396006660664
7891913801, 16126501517033309145
7747365074, 11187237756575747795
7364607214, 11062488455541004264
5209786593, 9453793417979142423
1494611889, 4972458732924479024
4899064927, 11406434883860305729
2243688956, 4291846716656164053
515096603, 12987139763767004156
4938840317, 13053705624798455415
2049702892, 9590863018102002718
482085477, 16639564197599970777
5093241678, 13578508268547353212
8059112109, 9106128086989322392
7241522217, 18388610474290005895
5708506535, 991160620271972791
849482607, 3909862651848913828
977923957, 12868865521278837363
797281383, 1857486867244847289
4925665161, 16422722334376364116
5708900472, 7245155925764807431
6314338978, 2587220568577471961
8483543641, 1014573388543778021
31417214, 17025288389302626441
6727370227, 14433188261499098167
3455611780, 5006343825034274195
521696964, 15010347898827166071
4094841675, 8847193964797190259
1441259051, 2423784409288978952
5631069589, 4625828604959495556
2713010479, 17682212092596997922
4770020488, 10129997175330919417
3070937023, 3588817701325834337
4754691819, 16122158562450886486
351372195, 5234618558033380541
170880441, 494538252654568402
3082282808, 9149812658941793281
6200784849, 12982263149515962406
4776490192, 11117631150741027131
3660062463, 18247785070037729772
2038508631, 9962918895058440360
4406938461, 4951124919670681848
1722851598, 5102405983804066617
3684136357, 13404896672346324310
4475425132, 14608377368617279176
82354679, 2825354672297829739
7759957586, 3889312230486184965
3784526149, 15029232412744978681
3382763354, 9725120387156006028
6940459511, 16420137926822717063
7845963691, 5833339005183415270
503367296, 4649341210320451895
1326983202, 7155331156995363729
1746559055, 1694010156720881618
344311044, 9918160221387014863
2218067284, 5823356929055304178
5193007113, 16157610618703858025
3363368914, 15832801239890488448
4017205589, 2040774318210619494
1686645627, 6065254585351471224
1362527614, 2276506979904676174
769258339, 7027215808637998546
2093894866, 1280495168549449867
3747473220, 13869185136063204760
7301119062, 14711372169449771600
1297648130, 4716549295605678579
6286887859, 2329336630924363742
4236806186, 10441687543694906889
6395167602, 9974341655728547792
5501605054, 4150618413347839002
8219807110, 4280997750651672977
7790188321, 4750445278471201292
3652820131, 9513083476130464857
6275572095, 18389086912135515415
2176854150, 18038428652915548380
7023405321, 10298213618752155833
2447303264, 2224290262247965810
4616806021, 12032911467014997802
3875555950, 9803631445375784077
6354039793, 3548982325273076061
1568131837, 3893331798917439893
2163329008, 14225508264712316877
8067522654, 16760119374926826567
2213571268, 10136546512659507794
8091034353, 5373936233679527337
957064590, 2300672166466527584
7521049554, 3848932676554215201
3039481578, 1983700132769674313
3253600081, 7245895785021814786
5174688151, 13357195258196963833
7894380879, 7483281757613898905
2505968036, 2764811149723114050
7654739264, 1044519503088684704
383935075, 14683978751380219862
691909477, 3455167617657060668
7087280408, 16462175304476951691
437067756, 13451201956732720946
4560809443, 16944309855860734341
8250300332, 15382279942886086837
2640896066, 6176265176354163277
4013774249, 4408473838384963960
6134777793, 5794200315321141719
6039443562, 7277704089737981738
6319983410, 15083303861071523207
1003187870, 5544529024168084574
7608693576, 14053034559469134779
1748175199, 6821318333206025479
4694446365, 13411028393441686157
4478359448, 1230734730472617236
4225888067, 9785798710060773807
162874867, 1679346218601179209
5603738405, 13874885417569702636
2865290766, 1485080617557360121
2867776830, 841584832831399068
95964049, 14162666853780671126
8212244206, 1780904250339918468
5188781997, 238923400700286928
5574295823, 6179996920907496349
26884376, 7081997926850494549
1940272754, 439517823900615643
701812692, 4739953041025319617
545648741, 1721080402476835100
4364210603, 8671893631647478985
6070452777, 6404121336797377308
6869332401, 2701741185881703995
1629263526, 5718737593907079876
3493080864, 3395569819045338249
404220473, 11902916928380476764
3108535885, 13103807985271361441
1731063232, 3924882090146550362
5386527828, 18107817610792128985
5634464835, 2144458952956012896
656707942, 4055722361416809874
5643763290, 7086990990968500330
4824855595, 17185072404480840280
3720428771, 12076853921580490439
1479111087, 5801307223854186708
4398872610, 14420981916594521579
1639293101, 10414229374730493923
1399743383, 1953217888951844844
6473644284, 13812571046988805191
5046757753, 644579170727268045
2378674324, 11816581371579392891
6344389753, 2740868222896490630
6316531661, 14251210442968744358
7390217488, 4482308804872562360
7311949715, 11570541420127526663
2041035083, 7914239692793578562
6784561735, 13846558620838992885
4505110833, 6671073744728045255
5465260453, 15203191298581971026
4263338452, 6301261106860646472
7110021348, 11745235792657558918
3393957946, 8421394357539323187
7553719899, 12571787651780879465
1795418252, 3457813901651036476
2522056735, 7720073002870065358
5620967286, 10125141207373231075
3896382912, 6970931022893449946
4766293718, 8031570014421852858
2051996611, 10712007654734080283
5362517526, 17785441701718154277
4031823834, 4078194788996259472
2041053431, 4763384737198578776
1743014433, 8707236113457672794
4340875375, 6983533071157766311
5370309293, 1230535313618656679
2597910124, 14417162622559612106
1446396084, 9091258795321890004
68829371, 12361165013330829567
6869805916, 2074368160415737432
4684954344, 13736515036260445986
325021335, 5367602467850840787
6555998215, 7526787356630492417
8108242622, 10659075374799386881
6724104122, 9988735441316320917
5228634131, 7024206748056034638
4160880468, 16061067829384371602
853589713, 12997445566253907070
323645559, 7089122524335925194
7921315423, 9772949700446893569
2531636864, 2376077934497548291
7371047205, 3618157368910599150
5943158574, 13708964233936189708
6655318339, 11088606028973289125
811357759, 11559493608716249321
6630986555, 14766340616476967552
1080284756, 16504258390411743424
7316971397, 7097890343280607301
6983745633, 17597411216402086618
6140528086, 5955616225084456740
4426868370, 15704544608017307610
5814833251, 16446085000178077499
4055360523, 15569610424524335826
7757726063, 17359238827307752513
7370331364, 5989924521486742302
6648635119, 15603858465835837903
6827882555, 3700454315044448249
2890708658, 10444232886476525810
4311462273, 4243818286037160410
8405704716, 10227155975692204639
2976115723, 12163052719795089228
7424654350, 4038433952778818584
7098749477, 17018951148920927681
4724128772, 9045903116058184761
4428877703, 10716858511403573382
5968082855, 9181193254532148599
370479155, 16939221461309906763
2365120640, 15792417265602218061
7990473580, 3446402294637000515
5279969756, 3046470687586151095
2482015357, 2470297613622689408
390047154, 5154533021762174422
50413965, 711052274849207723
17862623, 17667935078244616250
5144613822, 12654723298466461529
1918385240, 9771707050755755854
7475907440, 11729909143930105996
394347497, 5980092442921872601
2379111858, 15741693536520068749
4175656428, 4231401904644761113
289937173, 4194096686315145805
1891565587, 3539390776015004521
2583036437, 10190943620409657910
7516699043, 18295564167340011244
5851547389, 9063500376828921319
1566358108, 11647022597672615412
820086438, 21151660676122850
2409140806, 201969002928801207
4023204943, 4730312253430732497
6872207620, 9775755874815904751
7865798011, 13688794597970166843
4868383073, 11663861579665574657
8174774434, 8381660822826617292
3312722446, 5565759604565956933
1122644040, 11037241123957083437
8011772180, 740873832595591852
4977353990, 7849800616932194077
6965610948, 16380605824324807320
4305436539, 5356338276975197082
4421027635, 17977669392554592156
2574570058, 11010775260114102761
6137353557, 12977548105252887156
2428419143, 371633691400237293
3326599751, 3986727378928734260
1227666954, 8414479101811327776
2028956213, 1056951029448343170
6099111785, 14672969685656114528
6785236276, 12637947827119707945
3619724114, 2757271319487204859
4237174743, 8917502537905496714
1636811997, 4144231088042938661
576677597, 13058792957416737726
6126022564, 3347440802938016385
7790310773, 7286955389940625764
8425007960, 16030697046697581042
8248683769, 10442468384022527947
4125258069, 248302598138910051
1909132781, 11732806002166778806
6255252556, 6897498564172885668
5051089609, 4810616566041140402
6029261015, 6608196383796860382
4252646603, 15378469157824193159
8156465560, 10202070365386378859
7366999420, 13346184615898608184
8197663449, 10401714861601400673
475176458, 7504663298114764797
6869214040, 13223925858153112579
7319793626, 6767646529289855328
1919593091, 2334811067018374298
546099205, 5723771533689513915
7156767478, 3466638372823643345
321294135, 17918346819582572247
3323896187, 11223539319430209241
2533222314, 614921783403856337
4673754282, 6099946170600799666
5386657198, 2889016780106961025
3760769534, 17904287646465581121
1674259450, 3083019096419415883
6729729886, 10116501612909864730
1223640362, 3014931510100166662
42611171, 6439596674642058681
5778537074, 10049518636307629265
6116847730, 7496535377971350858
6869662498, 6666719340250570564
4438084800, 8088833498735620412
2094357897, 11818473974236412115
3336079008, 11542663468866737197
1884841957, 4334728469786537483
937725170, 16933979278390071936
7290386898, 4083027951710528328
8061441488, 5917264314335188626
871552221, 9099126810217058742
4656067342, 13140852518343479098
8312421058, 663454597845196187
7274631821, 14178990922587344090
2543704101, 3100154925856502511
2524325782, 3912424903330016423
2783175152, 9550331346476105851
2743624883, 9197348115660358291
2599207632, 13268632509947398381
464193933, 7069574891751913979
4828943526, 15781499798967316870
2006274663, 2396666230967628413
4374346673, 1349221850267888104
2615300595, 116024955076882177
2317236279, 8431486940319566036
5282773165, 1259469861060477597
4909293617, 17112284121702799672
6291929752, 17523570876430170777
8300658512, 11215680712824050261
7913642857, 6480407559483272010
6429794982, 17489485686107491152
6087909203, 15380031102319824878
7210025849, 11579644197095630446
6753267191, 13615570767191591212
5867276796, 16365068494074809287
7309647810, 3957823967561102773
1360850299, 5090047703397910067
6027084433, 17536983455629916641
2475022275, 4199046763362018790
792637286, 15770745079103203514
1144884086, 11049937805524868415
8197806787, 17111411017501269830
7649499928, 5971602719746065028
7330573474, 1403314318374288495
250918773, 13162586390900743361
2085892716, 9083918990214439570
6311809563, 2699526568828127412
4919389612, 15532238648068568853
1884494984, 16683889198154850023
949375248, 18389937625340193303
135259647, 1439225442743689374
1877484516, 6219002872461182395
6071932886, 3542139694184592251
8448398777, 6873055554084743585
3055809509, 9612122866559664020
5656653030, 10568722898400917002
4554888193, 14711897924370975920
8136545137, 15743075916799656306
4298705195, 3479011758955412501
873158036, 7036881070712333027
8096640918, 17067149289144014379
7927499433, 16540763352130689777
4718420201, 3439173167564766176
1647947099, 1882877641575124583
4942361361, 8070429937478327481
5307994411, 12126129378337018520
6897815076, 10431152892903578841
6091236105, 16322931848683207448
42564250, 10388874783193523834
5024928750, 13551236656456190919
1301349095, 13211506905380453861
7853796027, 8520795794977517378
905018773, 13773931882144016586
216993181, 15655186033048304654
4060610099, 9769661821111765402
1261189262, 6642946115673768699
2659509456, 497248499337218998
3774292850, 3665866867494958908
1394835642, 1177284311764634841
5795257238, 13541464755118931431
8168251366, 11639436059651253042
5238913078, 12139412800188757011
3348442319, 3214354028411319626
344528521, 218784643637526604
8275482554, 2378228577047328669
5877890230, 10771532894948972647
5232266638, 3972511877717473573
5495782964, 5753230190042342512
7260621325, 9594443087008791362
3195318390, 14569639858445259920
1292210730, 5270858423922665232
6781570859, 15934264656422792362
153380248, 8161279299681754801
6449384396, 12278347125822035828
7743791161, 4279993651539247845
5350439277, 17939188647703673474
899456357, 2279784703699360545
4942602689, 508161939916524739
6226276268, 2433503865179563971
3885982633, 10822716085123118332
2426714045, 16324146568501891110
3173280255, 737119264115579356
424176365, 13867299625825114351
1588185244, 9664855699696759269
3940860243, 2779623786714152333
4515463175, 17189911394541569135
6113877402, 17723736431142482928
5136040368, 16786432655613822259
2889242494, 3501125704538232
5903374917, 6447420147711973790
3912443384, 13698847460478025974
8316363737, 12072618074084660720
7337850542, 13479142363945377984
3770727238, 6825031940889940132
334168857, 7611527820358193065
3622966257, 6837602655651392931
8151068462, 4588182571674941276
7815797482, 5234665361303566328
1024463420, 507445372228201491
4138357094, 14912484112102680772
741947154, 4071962851717592564
2636290555, 3186453937388310753
4708010449, 3414429939246269992
482048425, 10437317116439238677
698515552, 4186202616557211870
290046403, 16265640493138445639
7652799217, 6070245757262599170
3680342183, 16136992380375046123
3157221421, 1947898352338394122
4543799858, 6731867463810199548
7832675531, 10237407410789597339
3899548670, 5618898154382590800
8292796029, 15578090031887785843
1830160190, 17403423054550511807
1069843435, 5499865568058068424
2092528821, 2362543718740212608
7523300550, 2028470656542725276
337289642, 18431615029758650216
4443742487, 12779663140734009099
3906448133, 903661938054792886
2101231395, 11053657695319235920
4951204432, 14285970244900063085
83593515, 5683883092849586977
7359000569, 8195647971247943226
4762438410, 10350890519598398871
5658688395, 2763687293038394576
3787489345, 13794919344164166899
7912406628, 12854469148970027107
5204265866, 40246021093780276
6515465962, 9344545314825101135
6638249407, 7451142915254596875
263252007, 7762035111547627917
6410444318, 16340019345234603766
6224740269, 14332763268548608875
8446949533, 5304264058151221421
7363678695, 7159150278499439334
5129850618, 5818343704902752638
462917231, 13085176407984747417
2646778694, 16481192106044651094
6274041697, 13537031190122936927
2851216041, 1320571720984531503
5256821136, 6875410253031110358
6890635828, 8301577020705598440
934997975, 673817716944705066
2904998466, 1370582428101679752
4193977994, 6950543239256868472
8137683475, 13544671797951435652
2712877613, 11935268998216378727
2567568333, 5184779117070770412
5066323905, 8824020967059612237
1103641414, 7728862760012194018
1092047952, 17705204840073314584
1936601255, 5812107324613519313
3585733469, 1830180264635977928
4204380286, 9972417370505059064
3899177932, 1674246245673029627
1592078490, 15211617148024299269
3511368209, 15748508150334247051
4269429955, 13012401477557948080
5083539751, 16463998422908647993
3034166003, 6477659984470327286
3178921589, 8203458033992579184
7622012944, 5641112200890086734
671049410, 5136049680173734909
4889077752, 17640321799172092844
430613534, 13646582804566803267
8163743930, 10650789473989990036
6571127540, 2267562544348424172
688465668, 9536222451022334233
6393025588, 15762898398611276021
5240442982, 10452689683916930154
57013659, 7157639441781244699
1411252756, 14749672050467966610
142271402, 2850110651997627989
7344926529, 18410089288823885651
143960820, 6824659828708918810
6644640812, 3243833182170285425
2887255644, 15579219984415363039
6871641624, 2819872512286424992
1438922314, 2146611273605686743
1636761372, 2492810237750848774
5912956161, 2344710194800126750
7673286096, 11763920831232196581
3880075851, 13619198805972920158
4690440151, 14956406335192385553
221606108, 4219109357068784969
8362296554, 1428839911728621450
7244017265, 1381186497465769834
2646181308, 10278136003798890173
4318079128, 10933088174631045301
7491917435, 4870429240423580148
4060504625, 16976038958935393677
3250585062, 1222778248002958798
1196229081, 2771111793672991786
6475937307, 6278690032418936508
1450498720, 16091622120214694564
3181472536, 11987372763021629553
1585654120, 3917233048366581059
1451166749, 11655101603067740492
7287607066, 8123041176999364902
5453846331, 3171660849151089168
5957632128, 6364231760524165312
5294433552, 13480407732796201806
4596773341, 17731922304955541432
6650913346, 10740852369913579685
5814992546, 10939068235932711642
2021349156, 9033537959767041355
2513464683, 1443840851767057388
6830267074, 9050494852463836407
7533709642, 121990306043142165
2188800048, 9786201262281396506
7518919750, 4506194812355580362
3380959972, 12380964792694611438
2595427374, 16967504416996340051
7771364656, 9962808737730098280
4222935397, 8573726996026496309
6468947590, 13972549271619214334
1817472995, 16653666481441148493
3224251469, 520301545927179262
5064014569, 16954338676344743384
1322092579, 584083996087828353
7691392376, 8270764132412144608
6355488514, 3546987239551998366
3896680923, 9449377603533971751
1170781577, 13825434983958379333
8055274446, 3885150061951176960
7551453608, 3851096081312445717
8222278465, 7443910210654415762
6736105747, 17630773259192797025
5037597448, 14859118090484827517
4354174454, 11888453165503788417
4236141526, 14820203800145576698
7024996634, 4969383592384406222
3836227464, 12705414519705460821
2753086662, 8983499418185723509
1794494280, 10596293370553805115
1553768549, 9085275628820558258
6362423892, 321615236478715000
1341088144, 7234266015054800285
5025546842, 10496959482967299044
6609753734, 7836353301622685345
606258745, 13176726684934715984
3746070263, 2190713793623009715
2297663854, 12261234473949021938
6065403053, 8683615340220885971
3815727251, 4146437698538856437
3036612762, 3231345552311559115
278872112, 8542467618134781045
8022178400, 15729330167407492871
2810783697, 13118086844749539473
4343387904, 1500224434070465116
1434786792, 2175111992564440179
6122890898, 12786709068513827402
1301133735, 9546634620526430119
1708450597, 18395609937568605757
7350772362, 13591489572099439376
4329454593, 12401261296148576471
6270049258, 15190221808075565281
8007661800, 16171565432073142913
6642518753, 8131052999782508218
2965200307, 12164374688146318849
6953234588, 9907498211740662767
6956467927, 5707217708227179703
7256153131, 8701327355346340831
5794819628, 345977571947397748
1079191959, 869998095079066120
1140404555, 7292159441794893323
381158438, 1495058548474355388
3253339861, 4592933966919502414
1346003854, 3957111702903562703
4000228767, 2624771833943044599
4837882747, 15092188804669463001
8003437466, 12824604312029501429
3900425197, 12042142688470189102
787390683, 16860175276436380395
824362840, 12249698540315911429
5556600431, 7471193725333340361
5687729555, 8439542939576702644
5309745981, 6566721461373075472
6339230243, 12004106915756733585
2092574575, 8014342258633842530
5836317073, 8833152905132096688
4542065114, 8577378642994996033
3091398069, 5536805905812543197
563909075, 6847603291064804769
7872790963, 10153511452258625593
1414025380, 6673599788894153615
5514617853, 14123094793349359764
2178852247, 16358635919788476948
4707901346, 12479597095592870836
2807611691, 3853670899526469144
3226998930, 5199937110093513372
6978781173, 2274111759284009235
194833427, 11607406441847709274
8164205726, 18059787595838263049
7366656872, 4920231445837683244
1512700030, 15376705700240727250
3816270645, 9220944307641813700
5365672350, 12259323131423609159
7379769597, 10193723323664246082
142459359, 5521838464108127748
4641222885, 4864191489123324930
5173686063, 8315389153632053007
5220931932, 3021955650527125654
6175333575, 3804293723927019581
4729188859, 15939003358727480296
2394012739, 3826690047619648826
1740607032, 16138763849292166604
6207188295, 9771317267097929565
8389760463, 9851496356400483598
4851417102, 11424103386041883334
2004306825, 15901205338166471565
7082008371, 7421252371873385005
2006946363, 16644944126487533232
116007968, 15098783078203063884
4252668873, 12632658104012313249
1126819474, 1974688796979686892
7688055463, 4337080206925602154
2554369625, 11708928773759619075
625024249, 3718429548444356757
299468646, 6410180466121221953
8059694392, 15481424851836200710
2651893573, 14690981791157416705
6465228466, 11933263966456964486
5600331050, 7533222672763849979
5114121157, 12027392068407962164
8123210707, 8886668793159048619
6302498312, 6378252788474215854
1927899592, 7336403742386593683
17540564, 754710755726543254
8409530895, 13107380851375370258
8419712750, 18324118589726788383
7469296033, 5375572161270336328
1224681368, 3171924837387736601
7789604395, 15342120544376006334
5632029767, 17243880822464664332
5522030141, 11124774075613150163
4688686448, 14008161323400841554
1502608124, 11916031819805291062
3219065239, 6135987479528066258
4451783197, 6727989094964949758
4272827383, 6399185275444150245
4858197714, 17099681284917773725
975278306, 7034981656709399148
297358750, 18282687792483200724
8481204771, 7035159290196858370
1830580847, 5927959424441851610
5247021986, 6562205038365441982
7440267902, 1562972006904463260
5317756488, 15947971266734051565
7320195722, 16965189149940871213
7968316106, 15074515417312216031
4667530108, 6517233199355826467
7429513062, 3418954552240145961
1085784123, 865015439101410609
3522562232, 408555278189483773
7918754089, 831408882320129594
5899296851, 15446199749427141960
6714942710, 15851473315814982814
8136347547, 18436981511824133760
5531800920, 12134846669613119024
8494798816, 14421801922170670279
3625722525, 3202517577149528137
1845850354, 847386625379545045
2484843660, 18123978586029416889
5041344165, 11556790367190034519
4527207455, 14878917026460053313
2276676886, 6660147405595953620
4868021870, 3619112146143509095
1043248366, 17778940223158556
8033831533, 16940306177392588773
4858832197, 8793047050591314626
4856823605, 12725169692300712590
1993550454, 3177512747612903410
1681840473, 17352359335318833210
4959018091, 5179193726603524717
2635245583, 14232951028540167229
2127636072, 11963226526149654483
169641637, 3312689664909543233
3905368930, 4424840532102212930
2203068382, 16665099978219400287
3898580564, 8979755083969743251
5698214522, 18407801161793739396
5194290563, 428627474221760756
5836637672, 12250786167077909709
1643813090, 17404250481291889007
331464937, 15174317623668035107
7155593014, 5563615149698019571
5040175112, 13416792389656643809
4767515798, 16314892616553604309
308051656, 8431478938993143680
3582343899, 4940882063926706085
563408980, 16535038405500975443
1945326134, 10286869740543988710
1033094623, 9337829641633282065
3746645818, 1795189200335249896
3499304227, 7066501797697647983
1147357862, 4200571609292155498
6689364598, 5037610543566147363
4174554139, 9881855304907619439
3213618146, 17732964583607641129
6328730764, 7589039330133483975
5726417290, 12034012190047851483
7671810275, 13061688002975895708
5229897928, 14227594309533712044
1245941991, 14181443915194153316
3810571496, 17732798599840651315
2603965148, 16739614415369081380
130059956, 15235217457807461156
6213530324, 16985142010771854066
7759582188, 8720292752267680962
5881495298, 16561176065824065064
1985867036, 5365008864778354055
7484362939, 14839756895305658995
6303544446, 18029057886687818695
1208204730, 12325485992053041911
1462844152, 3425911887604201268
7022884398, 6442083354343249501
7899655022, 17998007883329591871
303552297, 14370765131166261969
2776532581, 11177882870842067744
3540067648, 10325152551518213575
5533790630, 11472546291789372845
1520944891, 5676950376569645683
8026005138, 12810272490691751053
6780448905, 12793108212661551928
4871739299, 6153771180390836856
2263041266, 10417844979852636550
870394973, 18156123187869818038
4420357184, 12452125897319391935
6160065613, 43281823373087779
7545665798, 13282382360647357833
8049276628, 9718626154380380521
7224695820, 1518875749899760694
636957652, 15339900918381047462
467254856, 8830775999591237159
886769213, 6675008930686988193
2799055057, 3753895966933498745
8117298672, 582778574204727151
1697410628, 12463557725370564268
4746376731, 16750696850687473812
5085489729, 3438923075086204
7606137662, 1720886854578374881
2373759946, 12436336914159382945
1518528767, 11817391875959691053
1676900497, 10006005272385227748
65740940, 5150910400060421624
603807439, 6069896298421903654
7194923003, 1518277105576847593
2026506745, 16588425277701726199
8001521095, 7785445265591659142
141611717, 2743256637302583328
3992974654, 7583718380241982899
1444897240, 15344404489837153910
1164505277, 11398319574078772132
4377655176, 10629427408061748077
672383299, 2157910633048747865
2080476515, 5544084073365646610
4294189066, 10876219751278626629
4505834068, 5553179021078935909
8445055608, 12823832079185151931
5598476545, 15720175397221742550
7553885267, 12593088175176304403
2274257441, 5494670056092245512
6974872864, 164066525537828987
5906390110, 1873662241138761090
1101201084, 4950210816626900601
4727132908, 12851551702634512457
8002849982, 894468364528307379
4402952217, 16806149510621837338
8314273040, 15540464504051119694
431827856, 4236977697174246126
7345763264, 11211593216850066937
1831559367, 11341645357656688991
5855086135, 17464540643828101940
8360217696, 5648912020522333633
5425382603, 5547993447870276302
2867506505, 14801101722467408860
5099455771, 3255495774852238970
64439048, 993195322465579152
7919642565, 5408821961732300442
7392800412, 4572063462827341270
4750139591, 11618289547628827918
6174207004, 429413470880332632
6494176748, 6580240635253024692
3178158248, 16429962014629072314
105466208, 5988494595202543799
1785425568, 13765012758886894836
1443193404, 9401520566250654488
1963256327, 6718325204461948865
1149643535, 5351072488660009038
447434661, 10689553789578820652
448321679, 382365882949655276
377906811, 17784054520143758108
4553551723, 9184154747259675729
5069403596, 6193511604957982224
2962661312, 7734699683409836271
38122393, 17293051334652672028
2042496465, 5593625682544080096
7732162236, 6246248354076995851
2576641722, 15805923176843705607
2280478140, 16398778384119423084
1245822832, 897411363995721621
7413171740, 5778961082894907813
3024633066, 15750131093891688522
5222902308, 16324676388454181484
4632386104, 6187440193777817696
7886477091, 11270937270214399600
5301738551, 1236610677884621000
3404174623, 5251200540160947027
1651356721, 17344614634217531433
6998361831, 9229078713544722626
722740664, 16782562439476179994
4571174112, 7891657355099215193
442495000, 11657457394682240840
7134688581, 492978764210137529
6417505668, 14205851244922060213
5665456595, 8541505523004103916
2854650993, 12367923762990274570
4026680930, 4208260237915045714
3693904630, 18328260052653153619
721686588, 8784802383540859807
4071869893, 8212700440293306873
7912724444, 11356029822534062783
4963872061, 13731765553128961199
2450536173, 4011265073406688375
1262688347, 13802598444768255788
1053630556, 9958610706181045964
2118724355, 8282272780003137934
8329570758, 5886844553937889186
1959743219, 1479348866396203672
3742489944, 15887690158237926472
1307656078, 4615733871065654453
3240234908, 4817868718239634656
755570970, 13251745221607893860
7289933496, 10852838390094828373
4432981243, 3216660383720862423
7513557416, 17826028667567342308
2312064868, 8618805213743565314
5023693217, 8002647810129802634
2027196868, 15409884786366164017
3993707793, 3106712839886215569
1568034998, 11094527414959352972
4838055835, 2555714884428749783
2378020999, 13258943524845209632
1153828434, 17738935625441236451
4800372307, 17293420077320393427
3434655803, 6125297598700336710
5354341349, 4040779222782444665
7262043973, 4832920233557972549
5866621867, 2894065292249932310
3375480337, 877095837215328497
6902497785, 16871821886775902337
5107182640, 14672616983168940284
6605247026, 16887919343110320663
2618812606, 11567773231160430103
2555186824, 7501000294258270485
6616847955, 17515338721775582810
6249120353, 127723687126372008
2273758839, 13539506868265523338
3345584015, 17604009225824559762
7263171063, 1179805734459899777
3037071024, 14275695152609192796
5352456716, 440271974968488189
6072060916, 4262539146520873375
7413647206, 14071265316073530786
292285858, 15986650523757820030
2240432181, 8878377420429266573
7717036467, 11611967631722139972
7351718673, 5816488492624969520
720615951, 5822269553737192371
5347242811, 329176831175718666
4675775635, 11441263423481015153
3857890492, 1580909006725090034
3470506612, 8277743959934369410
950061443, 430825620297394709
2208437584, 4348298191766284230
6423286710, 4601434439035445039
6382389906, 2793390235169877919
118237089, 16081543375356704016
7936569132, 15273466507096975170
6172922868, 6152227881715503226
1162310079, 2941167921617110027
28363948, 6244277279528895424
7430537960, 3059784495632340913
5522436044, 9368099524808354735
5396738453, 15043049034126442095
7035842251, 8755834433564640227
3447708098, 7967342755682588904
7084311106, 9508210012982205622
4136936689, 1207105052078032337
5593993900, 15882223567934910723
1242770061, 15076926975319879759
3812896477, 7128535560183102575
5336811657, 5273912207606865287
4013945281, 4560683509895188087
1507209425, 10803161947957168869
8383036763, 11453211640497409280
7035494342, 13910935246874781379
3145395494, 20765911996842074
693643192, 3080082337265075072
7157807414, 4499406758032968777
2149627979, 19148541834401576
8287860052, 12857873069982032400
4069107526, 12890504722704251745
3336416761, 16283294289870117315
3893545247, 14010717962922783287
3525519083, 3282620949463092852
3822501579, 2842497682679784350
4792385682, 12213721936453635350
57010376, 14010468207642736548
1795670416, 9671854202283495237
6843955267, 8343063841286431996
2611372765, 10377718775012311844
6441536165, 13427047624370173302
2284723038, 15935397034630305078
4935184359, 14112975158278717066
3441985446, 11983041596885255882
4545882684, 17577991626157444745
7353899304, 5488930822169506227
5347259018, 1385701416332647952
625998314, 4211953816833064127
5279953733, 9130204290328717734
2525434644, 852436109600580711
2917644911, 8540014841094445509
6332729357, 17942317417823164508
2891193489, 12342296497798303592
1905118135, 1861815840568533716
4644314617, 15232724839129965667
2026251953, 18395802847582388871
3898750112, 3401689117404304774
544781700, 11397847361074758011
7991288824, 3138558063860554984
595537365, 13948428627004024128
1767019685, 14954709689392685203
1312431954, 16049387956880679881
7993268220, 12384634273580589227
5607396336, 18393531074341036950
1478354177, 6442137771242404427
3363957811, 44130401886667432
1628270390, 13325299517669033674
4177666151, 114856108745569238
298071042, 5100339508614919478
8193738109, 3479158468981571846
1805284224, 3499969461942002197
2164391248, 2796435666547207252
4560094768, 17529309795846909764
3890394345, 4185677476330673741
1514795113, 12770081511540127683
3308509886, 11030201578345704701
3619621544, 16029486574914960249
4276984981, 8270721509887063367
4956537973, 6466685727652454428
4304472103, 17908314888800508229
348757183, 8504537042985881441
6139869518, 14484498259767743841
6584060293, 11159136973210352420
7191390864, 11033723696270301839
8465041323, 3930257470433896626
2740095090, 7022505270654302291
3926104356, 6135337023590374581
7441832167, 742327493550212257
1851629769, 6933431589508104973
574890977, 12498376511608255858
3020838024, 12202858575644561936
2715877999, 8364755307671811527
6333207093, 6295532898292268122
2325402320, 12509867841532907115
740032460, 7718099539668040528
1133585576, 13159999791190453718
277371229, 6635406832714636218
5586184279, 965010716701929787
1734017705, 16268372571279302219
6372721163, 8244130446920213163
4543368183, 14043269533266537309
1989745603, 250938098953269573
3013913612, 12936915624871191682
810866116, 1013791172014891952
5744570308, 1597011150166104971
1795447103, 13853630439705758125
3488122362, 9136106837975698085
2145568786, 2248674083501982845
5146611883, 17486412887083482466
1926070972, 12196421106168012673
6647737865, 2132905531618598216
764514517, 1916315405026171206
1679497865, 9790808193040278601
359145236, 7701935480304330948
3948488476, 10089414579382883638
5688589915, 3156003356920958514
993202698, 6684960518694069843
3780471436, 15963440037378448253
2711383535, 17625087590913189354
5748030505, 12168766513076464428
6796569476, 5178154507946615616
2979125971, 4565592482372607198
5046049478, 1370040123947930653
1729390567, 15232864570234528768
3760411083, 4421231060472952551
7984510788, 5258259675657543265
8174462287, 15317518767069066689
8047040525, 12709621773132167736
2206475630, 3297866135517779021
2994406178, 5608435767006403176
5620397572, 12960405145335580327
2273923672, 14983246121237472569
2459946921, 13403625590947475123
4963014949, 4413613977820789800
859425998, 7347374572978686621
8385590497, 10866583294008978571
3334210981, 12821269063141736801
5635172564, 6479584526148948160
3201707550, 4435625094489300905
7242830671, 9755233126019465988
7982010040, 17022239603725323802
6204778856, 2499963593973161849
2199562576, 14939229140840009145
6793596661, 13829206309454394896
5489444692, 3526429778255804232
5063793633, 9267934672735640144
4063495991, 1990127669357697874
1088920724, 2177809017138905130
2104084917, 15790914580760484851
3003779953, 16913197018779396242
6485981938, 5359593662379476
6696600918, 15689382203080844541
5620951390, 9192252589039771
7410035338, 14802981980980032478
2178969187, 17098792879855795903
4866581316, 12027443134510922075
6444341431, 12150366281127007451
6489702688, 18351497628486354975
2663509892, 5452881997361160572
7089728131, 12765836579271580373
96354763, 16167888262729053294
1937128969, 9311644122543934511
1869919730, 12522937375481225872
6036223985, 17896748410120850894
8432659339, 13844069108667031809
2025870056, 3081534602224045221
6001535975, 10629569863710177461
7090696382, 7977869820352935872
1495603090, 12296623590723539936
622055786, 15481173902477290818
3570835801, 16885724289932773207
1992647402, 1135138557385417837
3469032533, 6998856066024957804
3719456923, 7951574573512179624
1633275020, 13914466657726471519
490513535, 14149636423761763795
1564945316, 2916214984370689271
551669076, 17595232828764807377
5778198908, 8659183361568082291
3776666820, 16595753938601089630
1624968778, 6107515704032117588
1069965988, 13173338155629287739
1553093048, 9417040788646872648
4762905688, 585467543715231890
2331013037, 11821539439653273672
3586525205, 2275113064423110237
7631342750, 7578671952875470748
8034065566, 16907819086583543042
8049160475, 17832431197724403001
6772639881, 758406492654269839
4255003467, 6564729191823916593
5754397320, 2802805417527363252
1572385622, 8339886121561609058
7672116603, 1522424128093487112
8012891524, 642564368281749917
7730137654, 16186782657073376583
2860302539, 4584644632843337611
6749635926, 15424878658697589350
3590385875, 13105240513612212139
3168725483, 8577822837936186621
1256837387, 16728948871829538114
1013023838, 9589302411715125690
8219756120, 12436327910551939055
6729326900, 17227718192967996843
5122840747, 2316805250339581878
4596457271, 2324747887219198024
913242594, 6913881471184838138
2376565537, 15039525654252086125
6027093767, 3313928868804667897
1976785858, 11945250445378734036
2040216508, 2177157975514490619
2025908379, 10372691611005084142
1672070749, 15163941059540139660
7839287, 2270298446433654646
4431689022, 12827995788437267484
7093146319, 12607212675930624689
