0, 1
0, 87936407591336862
0, 36124934570324965
0, 57619285876533178
0, 100672668763835509
0, 18974654545399609
0, 9299828546521670
0, 21890125243343898
0, 97533844585918274
0, 28056560564457235
0, 53658451228234556
0, 10625860756159381
0, 33560550919256670
0, 84988972934374926
0, 51511871810578894
0, 50450142654296685
0, 17172538522911321
0, 13475843412160828
0, 18284254283211109
0, 36941804793952152
0, 31482153651793284
0, 41272747636711222
0, 25184774725555109
0, 12024652486943114
0, 46360425989432472
0, 77920471063019738
0, 29353892293354385
0, 16497605358121845
0, 28120047054822839
0, 76861337667014355
0, 6869443206162559
0, 7277120711599311
0, 104493716153803349
0, 19467078946218553
0, 65665407670247477
0, 84951924363146186
0, 91982551192359106
0, 34014825115917785
0, 19284601652984530
0, 86488372767683562
0, 33066018173502958
0, 36434176846032530
0, 79994304295147511
0, 77040831066612274
0, 34861152899423067
0, 53573143914958225
0, 59615093259702853
0, 44992176758150500
0, 42044645764723754
0, 54615618497913567
0, 44555094491442079
0, 54930236660622971
0, 21814218123264153
0, 64265111294412242
0, 2630735777053137
0, 60163190637175081
0, 105031412812565647
0, 87532530762082941
0, 47184544800515607
0, 63414248983691981
0, 87703277281387665
0, 22343056515294015
0, 36814966834386166
0, 34210548906452990
0, 73086311504610396
0, 9088031484710487
0, 103397594368364421
0, 23455142433067530
0, 55539117437842115
0, 32069606082044924
0, 19325135107331299
0, 80991959563439235
0, 11687003638156695
0, 64366032061492582
0, 39573940402765910
0, 65088805803228957
0, 103696689050317502
0, 26626746476331614
0, 9012246359083143
0, 52954886975856109
0, 39238624360357698
0, 103796577139821469
0, 97963524633846642
0, 32846475580078218
0, 84775263430481038
0, 29533573951750727
0, 104439941626449664
0, 16764901308382225
0, 76650599769918465
0, 31362760040565726
0, 75471104127238642
0, 43387535053902805
0, 87674007693122789
0, 48867242326379665
0, 60487626377247025
0, 10927079776231470
0, 82555137541756249
0, 23773278682816037
0, 67913757112151256
0, 83327084893854042
0, 26007556397846351
0, 8919102869664208
0, 29047215631340020
0, 83547624162029550
0, 71905410760154360
0, 74353184682127542
0, 107158009415050375
0, 25899003089789745
0, 92780072487599734
0, 53020732452355193
0, 65399728844978558
0, 36715654057231999
0, 1037734836057621
0, 56765653416752896
0, 26754059254643674
0, 39748058241487455
0, 66075164669934065
0, 14314508832107043
0, 65738754692807315
0, 87917805696651978
0, 85428747587520731
0, 81201573973331085
0, 79858009004322992
0, 16228045940157886
0, 95079954968048733
0, 49542714078087012
0, 63924733960346992
0, 77848010583945596
0, 40895261362790301
0, 38839887741896277
0, 55189701364262996
0, 78981365917982442
0, 23637176428600699
0, 8958828424316071
0, 65965748358047692
0, 57564410010325512
0, 68649842456573796
0, 75700693100125954
0, 27525904825534357
0, 1574761190462054
0, 48203469947925925
0, 9127013980142339
0, 18901079495266411
0, 95466722986544776
0, 67277302609619277
0, 25479225506295634
0, 14862179033689284
0, 21894826342540295
0, 64819953458273330
0, 66985189910068709
0, 49163814868380685
0, 71318035556921228
0, 96218095734157338
0, 12051546412669460
0, 50061339393092568
0, 91202958675563047
0, 67383761616075748
0, 11312167683526354
0, 98297125410174353
0, 49709536458498016
0, 2386957856620947
0, 88814285329161397
0, 95821989291740777
0, 49091943216435286
0, 18844127942629638
0, 72150780678048530
0, 70796757261135718
0, 100446315263417810
0, 68033886563461261
0, 66927245680937391
0, 95179906127073218
0, 99403123630225725
0, 24880934581640320
0, 37032508958499268
0, 86468066334400061
0, 106431591644034603
0, 101221075984565642
0, 49826736834029966
0, 76934610882705765
0, 45243806377181721
0, 106486166546082564
0, 61364566183043657
0, 89554395228485140
0, 11853842185762936
0, 7736966958630422
0, 1106695130180304
0, 39508261154583117
0, 75325384422849987
0, 107286462526016176
0, 78089535546706775
0, 49921947683721162
0, 36610141447515260
0, 56579118333908557
0, 42433450721168100
0, 2326519700002324
0, 33416523807397205
0, 61060539226495929
0, 87915564193388915
0, 8231735329004558
0, 13365974429720176
0, 24030857008792656
0, 54834668133056557
0, 71631048578588165
0, 33852359468532240
0, 44048205753211587
0, 40797312787180974
0, 2575853920634100
0, 73188991536671894
0, 77169302295368982
0, 35441795235982558
0, 56333263302022215
0, 82143392234383831
0, 94684756435463281
0, 102285773234688025
0, 6506682858295810
0, 3724471785252786
0, 6672077113820184
0, 23020793694110821
0, 79784312512099349
0, 69919105274329802
0, 104895415904805235
0, 4603203236806765
0, 97343025333888142
0, 101639291221623753
0, 61968317827623475
0, 26340213398095657
0, 50614336799101419
0, 24301412447873540
0, 92428164380399466
0, 62866575532907002
0, 102973187320760807
0, 66826263159082735
0, 30601297611634455
0, 88820627948247580
0, 37623540653414001
0, 56844703713206525
0, 12495138730973462
0, 93918535355422520
0, 39147086129193608
0, 90165859015182332
0, 74113692071730170
0, 66507137842813610
0, 36410476337048120
0, 97319550626082012
0, 71879605064785710
0, 98062244739522705
0, 31611130920686288
0, 11390932892373164
0, 102844697587450122
0, 78889372079608887
0, 4320396666650883
0, 19082094829049714
0, 85529115488659325
0, 31729667008615452
0, 21703624160359286
0, 105781122009620114
0, 2135066471471641
0, 5287403831641610
0, 38005965838890841
0, 28423190618589678
0, 103463501204930928
0, 26888296670150675
0, 78320264338295515
0, 96938848192580732
0, 52896272883123765
0, 65286393467738244
0, 38438803528701282
0, 97692289427684635
0, 96998858604278744
0, 80490350084759251
0, 29061504192326422
0, 60311041617655640
0, 15046465411313312
0, 87130534381555510
0, 48508251916897708
0, 15349191857483076
0, 21697420284567228
0, 56233871393421430
0, 56724098535266571
0, 38534713532166453
0, 70203339791528564
0, 1504684180069789
0, 16933715744733988
0, 82091944235370321
0, 62997454377719829
0, 1463213281031707
0, 88321204109591194
0, 100362093607125180
0, 53583343063432387
0, 93920870174729649
0, 61978571880535850
0, 59559984777838711
0, 20651959696818574
0, 38110110098847854
0, 65111833859913025
0, 30846132174381146
0, 7328490491277407
0, 26132957626850789
0, 81241366636182049
0, 39033055456615802
0, 102174503523742332
0, 68994715278039278
0, 87473721520154954
0, 23984770391109241
0, 26814963401576602
0, 43410724481045239
0, 33478196584289827
0, 25061186162872607
0, 33119544358200257
0, 51409860725310788
0, 70127525595126077
0, 2942527890284294
0, 73281540149716617
0, 78227136799017619
0, 52637302743730731
0, 64452809080562223
0, 39177422555697854
0, 2693795327903355
0, 13034226713609916
0, 84958600914052909
0, 90560022782710660
0, 104772134786886737
0, 104777091653820824
0, 72335068677370704
0, 43011864344087850
0, 73481277415075480
0, 25147767156316616
0, 102357546093757677
0, 99408247525987610
0, 47478930562328821
0, 3094759891913824
0, 92084099499394336
0, 65046607115715987
0, 90960828779358309
0, 1244816405018242
0, 8519885619663893
0, 103809112851003483
0, 54174673979343227
0, 65678392965099192
0, 17550482344052659
0, 71237985223390563
0, 100228277471199650
0, 98479655364509944
0, 777002708991144
0, 16005777565015355
0, 1530558986116702
0, 40315075994090354
0, 11776231042890798
0, 5698136041126680
0, 41658449736083094
0, 55963257525125115
0, 24960647875198329
0, 93930981394099100
0, 69617606568970854
0, 8465963633966107
0, 67196749490991852
0, 12341744169064502
0, 27629275467614347
0, 13812208851802063
0, 12042059579472887
0, 79806323494201961
0, 50729003146729457
0, 31743915481456128
0, 59575817218435757
0, 60936037075640728
0, 81973142221569548
0, 4850938072080522
0, 106236413766891158
0, 94698728438746729
0, 85672109013812213
0, 5281401544515217
0, 43108838701958151
0, 96817155581904103
0, 101883336379057801
0, 33683219796209021
0, 12967082593559457
0, 80631565165901906
0, 35271226099330006
0, 99762979517750376
0, 18771729342722335
0, 31357530557294144
0, 17237821360712458
0, 68038289646034602
0, 82104525486888526
0, 26510698308718933
0, 72102344452803973
0, 50852002917641128
0, 38712513960358483
0, 80541284849233884
0, 43520850482530038
0, 42829791138245433
0, 42250714504177812
0, 95570585524489227
0, 74711562333100831
0, 59425886591633712
0, 96568140610038344
0, 40599787687702670
0, 85716996687368929
0, 64073747307201874
0, 103663168046305420
0, 53457909306640222
0, 58173196802980988
0, 36372347301511936
0, 104306475788428437
0, 62952958778887042
0, 74528482916696772
0, 59481348761795895
0, 86223318548867432
0, 41668691203831891
0, 50594860460905502
0, 39697376191408146
0, 105438570739480079
0, 14311667093100869
0, 41425044183275784
0, 22416954115424445
0, 72025581835274952
0, 19226533456218375
0, 20730864623996642
0, 73780182861906568
0, 104875683311430161
0, 2542821453845540
0, 52233532262003026
0, 50731139631434315
0, 28991646268423217
0, 8059303798620032
0, 96651362921154878
0, 40002334159230763
0, 99450732785694992
0, 76870257191299250
0, 84484687097768816
0, 91620993229147252
0, 84661882734992827
0, 68051176360076742
0, 1155684131070220
0, 81638094770302498
0, 89975076874551272
0, 22043696657340146
0, 46283658610648896
0, 101978333775978668
0, 38219982939291118
0, 93129862382746291
0, 11955029721180173
0, 24022412814963352
0, 8689534740492847
0, 98923206968364997
0, 107280260015482010
0, 67715088000907222
0, 107159257996622429
0, 74642866586113409
0, 105650021605617481
0, 3647680130574302
0, 54063295017114448
0, 81987457280288261
0, 42386420801328641
0, 2175928413444341
0, 53703748395976506
0, 33630699288587100
0, 72539679730394184
0, 100382029322254382
0, 1393700780173694
0, 4058444825041565
0, 90354597233736828
0, 64824396553240852
0, 35798692094457145
0, 71525184335298908
0, 32755771449534285
0, 24595899134190507
0, 79486371785501721
0, 45158226915635030
0, 13858758720595197
0, 17907384467409556
0, 79428705449329657
0, 65909628734580433
0, 81457691185425764
0, 40930632901140486
0, 78716839409912458
0, 98895244503604365
0, 26077630824604290
0, 87050368346442035
0, 6575004828377949
0, 99949484012638538
0, 51990085869188860
0, 102181500469139387
0, 9193890802337890
0, 7801480997512308
0, 101423887247073115
0, 53118111460060256
0, 89317784151080822
0, 50024509589502688
0, 7165443860777090
0, 30918300766877164
0, 82042911291865906
0, 60132834394197728
0, 18641739479077873
0, 50296997078289169
0, 42262355521197914
0, 17979095471645188
0, 101827204251594174
0, 74112049197354471
0, 67769383626595129
0, 22991309197169037
0, 16262059934848142
0, 96805496721338590
0, 28143108595957696
0, 55031974672466825
0, 42835495390328087
0, 33752936370381565
0, 11796151556850333
0, 15090612200133150
0, 25337847998109244
0, 102125942591863011
0, 24247126273164293
0, 72864715564695749
0, 48520449955407702
0, 14882773032545339
0, 100361828669525531
0, 55068884533399213
0, 28224582283914566
0, 1652541237519388
0, 83892567356040351
0, 95034693759704909
0, 18868936770905270
0, 19613586742828917
0, 38967557026663833
0, 48947689304218373
0, 85651139389218957
0, 3046200289354272
0, 33435495129553631
0, 106281861683025880
0, 24785564893849987
0, 7705676022836676
0, 66364288665042979
0, 85831463428185467
0, 5911756286936464
0, 42657751524526525
0, 30806926985420696
0, 201145813387063
0, 49831240286163287
0, 93369358547214897
0, 81252351205287021
0, 76881073514826532
0, 70334903726767383
0, 43825933014023537
0, 84932995584406327
0, 40501479218772800
0, 96090123561141188
0, 22346468016652373
0, 73134833607207282
0, 43217881561986668
0, 15554820993125628
0, 18090393579654604
0, 62436595411492136
0, 12445027831444379
0, 18348187377954527
0, 11842456580359966
0, 94302579824960287
0, 5260393422635393
0, 78944966139162461
0, 1755524957339642
0, 80395062948881331
0, 87928102561444631
0, 81681800224376920
0, 85029072613879270
0, 61148671638770039
0, 43957927503364360
0, 22882565886518167
0, 323540528523607
0, 103232376957788924
0, 10549337169039761
0, 225321079104346
0, 54682084515168157
0, 86059349792613397
0, 51242592980686533
0, 100668487502877263
0, 49607768967366302
0, 96221211675526881
0, 99998562692217566
0, 20957514410892368
0, 2116964437436610
0, 53134018071171958
0, 91591294032133249
0, 99768644762566196
0, 70829549915750337
0, 19134082975822397
0, 73575444642123332
0, 79937117401956579
0, 54708664355946766
0, 90362331827318574
0, 33234660349237778
0, 30154448435830790
0, 53273673774719385
0, 3478609222315468
0, 7851540438815599
0, 97932416251973680
0, 16186780918271310
0, 80815140833285411
0, 55794291104553643
0, 44621485927500212
0, 75392018420776244
0, 1890490991325697
0, 80033000714737169
0, 51076419179114066
0, 26643288553486966
0, 67543822890560005
0, 15013816926370532
0, 98465249818011023
0, 38575303363542942
0, 20596820766845095
0, 59974583996921591
0, 3432471474686718
0, 31867121995555360
0, 70507863446258041
0, 48141091108819199
0, 67949542998654937
0, 23655826136796332
0, 88947932145686371
0, 52716035309845435
0, 426474032431933
0, 32414243704562148
0, 39972379706180999
0, 33648459552501113
0, 47215867991901157
0, 69764969493209260
0, 36647816550745013
0, 52966665017255547
0, 104653244086248451
0, 34821583923466919
0, 104311133785836344
0, 79420207627477831
0, 63411824846909472
0, 67446492852259281
0, 31070546783340257
0, 40634576633283448
0, 67678863695406203
0, 7257842749942915
0, 89759911098393152
0, 19103810961443671
0, 82045026453621936
0, 81973954643207581
0, 100962814299400190
0, 8617757539977179
0, 78882719741098249
0, 17538892883439481
0, 8660118927352023
0, 24296372342995960
0, 17697160766261628
0, 45862752417422567
0, 19281912402544512
0, 20954301172669787
0, 60878819307473183
0, 87467204407301802
0, 71173989489728825
0, 56594825478186221
0, 48797592229548574
0, 19269122330306405
0, 5279714437984283
0, 50439693921401319
0, 90054045371537809
0, 85011315653825172
0, 101203467728707685
0, 8179358099468270
0, 82551779707701321
0, 17287100194397513
0, 70379435018324269
0, 57912842364244907
0, 47363951520958104
0, 22446148740634081
0, 102077660044688704
0, 104535644700626154
0, 47362801298665049
0, 27263816140624109
0, 84042331939672763
0, 44742043593076270
0, 8835320557115766
0, 102322318352365714
0, 46774591331561211
0, 63945889431256292
0, 40005343185751850
0, 9259526242269068
0, 36185152514823238
0, 89357107754718360
0, 44663471287793630
0, 66726835433120615
0, 74090601072163342
0, 32370088480265419
0, 60729848699485759
0, 19821168210133323
0, 32355408021416462
0, 41026529595640103
0, 54757327332821345
0, 16290169474371074
0, 66547819134110179
0, 59950844067646564
0, 35952010365726851
0, 69775941808214823
0, 97295529619005596
0, 82820777666958514
0, 7393395493243390
0, 99421154676512646
0, 20152580414412014
0, 76167140639872475
0, 99780831551236928
0, 53413434030667890
0, 101335696876668836
0, 70739452906210201
0, 50966729289161604
0, 24772003011275318
0, 45611417918136054
0, 5901350093316785
0, 64810568046999113
0, 478969009333012
0, 19491322511839009
0, 87660172522400541
0, 104067219883479434
0, 21739533997254345
0, 33631298948232449
0, 52007397443020171
0, 3625984691195364
0, 95312224794611251
0, 86565369320942579
0, 58019492119400918
0, 93942645743353899
0, 58221325530679955
0, 80896727910180467
0, 29443568297225216
0, 17318503954849180
0, 63950251179079841
0, 96101536370094884
0, 27448978608070891
0, 16872182515080839
0, 51750425765222809
0, 62319730532881877
0, 74359258230748630
0, 102336101363765929
0, 107237582087311630
0, 51034634952201435
0, 59549758665100861
0, 67970745329649290
0, 30397566773961579
0, 99482703646183732
0, 37341255816667020
0, 73448902137619568
0, 94382769890851880
0, 8997848648445971
0, 49657336092012321
0, 55170969585333065
0, 47031781116432494
0, 8837504916964903
0, 68587047835078865
0, 985362990720878
0, 4088616885311170
0, 60514523870611678
0, 92960204730531107
0, 20737507986695142
0, 50167191741612698
0, 18016339411051934
0, 71726239645244402
0, 85359325872678426
0, 81914218032772884
0, 15082118088279996
0, 26624171024793162
0, 46953347764310715
0, 78214298184284996
0, 74439068470554782
0, 23097906892821258
0, 71247255383397792
0, 25793987917415114
0, 96325867894956931
0, 58405055004920227
0, 77848253098612566
0, 15860429924007926
0, 21179324915604706
0, 100548211967038145
0, 46933415112536787
0, 15735674470330494
0, 96718761614802665
0, 59708917830445324
0, 78886262159140652
0, 3608211193365182
0, 101132185970119120
0, 79689936828692179
0, 19885670753162689
0, 96681732163762396
0, 60056084822492990
0, 86140542798309638
0, 3640202898392087
0, 41806879775090354
0, 11104881328952092
0, 102229378107535180
0, 93819010392639011
0, 61361020353302580
0, 23103750748600002
0, 34963827953768760
0, 51021483667577927
0, 31905778836365742
0, 62529828320125813
0, 76989905232712833
0, 105977480868644408
0, 29965509239360077
0, 16524342538868773
0, 5913973403449359
0, 22690392309273428
0, 80111846580182825
0, 26497218846228456
0, 29545005961744118
0, 56902840267498854
0, 72103414264336645
0, 19738860158525051
0, 85627493008987834
0, 103688591643553626
0, 83994760005205266
0, 61508615390132574
0, 20771898335867886
0, 29131001021404299
0, 21876411529549345
0, 88431677244773185
0, 30212904379130552
0, 8786031854447559
0, 29440974567110744
0, 83153058430692445
0, 14616870848190521
0, 13151361365534068
0, 34963023652218631
0, 34970380460352253
0, 39337279282596442
0, 93589959920581542
0, 77973236955241989
0, 99095696936407959
0, 50433934713415655
0, 51039599282595846
0, 27688562267209799
0, 104095593775933878
0, 31740077797936057
0, 81199178135348783
0, 139305157133143
0, 100936244495025281
0, 73400897095101623
0, 91871139189881871
0, 18746607238491418
0, 68223591806857065
0, 5825587559780049
0, 53211832682922124
0, 33900580187875780
0, 49707593810752601
0, 33689159083632084
0, 13907145020133867
0, 77937688792397633
0, 2583820879119274
0, 81164106713119087
0, 32586103015411474
0, 28596910466176811
0, 61017396785439559
0, 34738764106857649
0, 88028940789153896
0, 91542354657593677
0, 37038485445411579
0, 100988091564948313
0, 13804684202186981
0, 9729286173321697
0, 18187714917179193
0, 35214791931769195
0, 63969319292067807
0, 78736656678501205
0, 39957187766136607
0, 65983487682160807
0, 90252726234781937
0, 65358497189769423
0, 92699473855818773
0, 26525270961023473
0, 5298211256884976
0, 91043929203739251
0, 773102964864856
0, 59560052200464749
0, 42904554081254055
0, 97361363515766549
0, 72645140636618749
0, 57529901002489773
0, 94050403260544374
0, 58589032506347140
0, 77417301706826761
0, 18083182307819805
0, 80062337247240455
0, 75727400112276739
0, 84418572859083126
0, 64364861739962852
0, 104176516043305280
0, 64901743867001172
0, 89576926591849741
0, 53171662524569188
0, 69020947932555909
0, 90467353746213815
0, 16595557482230917
0, 82465024940449810
0, 103222051606760540
0, 27553971041961527
0, 107221603720628060
0, 23045693897385973
0, 78868082298596902
0, 83935550625517721
0, 47319231449237277
0, 23516799007597516
0, 100927354223953
0, 43565892070446782
0, 2624916763294534
0, 54849710616932382
0, 79602117722617496
0, 39418027718396150
0, 103193266320590806
0, 78216558553909258
0, 8584950564700890
0, 102655030520938941
0, 95321605231633314
0, 38566023270772711
0, 101236673505707028
0, 97836873131549669
0, 75520365958491013
0, 86271732802345801
0, 87749475577504962
0, 48706174919531358
0, 52555421547712668
0, 49386636325752230
0, 36956442115643054
0, 66355214245720329
0, 84963519273465842
0, 69500572132225570
0, 71904106156776405
0, 93728321848902081
0, 100807220981351640
0, 85921182074510899
0, 95249823599228361
0, 22839492131854601
0, 88967598292335946
0, 61743610881566355
0, 67606457606736661
0, 87712710447641780
0, 39272728162226838
0, 54289394409541545
0, 13091016677072082
0, 93527585671759807
0, 11056243935295391
0, 86783478468110326
0, 23087353168932452
0, 39666636893193904
0, 95620182090699635
0, 16669651729644177
0, 26642489405422158
0, 4007396927833230
0, 36853977555289690
0, 67758784956594
0, 92812096821192762
0, 31396007203443889
0, 30337067593962681
0, 25144967180367333
0, 70626730665311633
0, 106215141112150456
0, 106717365807505854
0, 1885415019640393
0, 77716516636797133
0, 99501601342542819
0, 46503964682057750
0, 70054592086047052
0, 26132855666727582
0, 66800192189136234
0, 105519347054247336
0, 38527618504852124
0, 98643575580545321
0, 105307068612610162
0, 60586351560217843
0, 51710190594277187
0, 45973802641308410
0, 42009272722788063
0, 101764331744549109
0, 27931517328831635
0, 104576320600909154
0, 60312685817040582
0, 1827285978978076
0, 56528156952570556
0, 35598209678904330
0, 100975674179437231
0, 103188507782967986
0, 20035398551078138
0, 100602339722144612
0, 85944454263766083
0, 102931713206390380
0, 67389453269193336
0, 88033837471868151
0, 83355533072301391
0, 17987441248562194
0, 32530133338478881
0, 34861968534205662
0, 74681174688439666
0, 87407377624507862
0, 32402271716766692
0, 25028423935803845
0, 52282572743332062
0, 4014188688296247
0, 53945618907822810
0, 96014275270181818
0, 76306652147757537
0, 26530887908444223
0, 50734252764909986
0, 83667160707448619
0, 63592425432331628
0, 14906690186060843
0, 72863075438031326
0, 79513245605579261
0, 3134888964577621
0, 83222643882919311
0, 10892762712674914
0, 71732141455465005
0, 96928789448027178
0, 99926673062209402
0, 2831911078290034
0, 61594061138687140
0, 29667307927476187
0, 35403058479351017
0, 5292175560592136
0, 103913406230338664
0, 13015665702336790
0, 95455813922409137
0, 17317270089497171
0, 70627802178975522
0, 52983427633474863
0, 3907316691838552
0, 27545479842036706
0, 15303633836070014
0, 9587214267279626
0, 33323448749690965
0, 50051849853061546
0, 5934298060446285
0, 2406463499446850
0, 77293285381585342
0, 56789952788217185
0, 77848221100736071
0, 12100620389556491
0, 16082222468057596
0, 50139625098842858
0, 40865656584758928
0, 33275873972965170
0, 100946218556305893
0, 9080004851928295
0, 28186061456822082
0, 22311578015448286
0, 77880712440382569
0, 36969344192349994
0, 68895681266284421
0, 54098827609379552
0, 42985764186524285
0, 98997106103576011
0, 45534306063535211
0, 52472700959647959
0, 51180046490280998
0, 65141617088449035
0, 63255614494690675
0, 64155238903928435
0, 23285693386306379
0, 77676424042939818
0, 20199453871726141
0, 5747764350539436
0, 56973244228189876
0, 73228679827775800
0, 30907032532357655
0, 69950192943509080
0, 68190923004010962
0, 83071560577109212
0, 60917044672242542
0, 79457422107538523
0, 30410411125491034
0, 103476851312842877
0, 30993638727220650
0, 12417540246966062
0, 45047624915847660
0, 88832792640800793
0, 32042082295016712
0, 104543735700831061
0, 24617330268786774
0, 47051207706578742
0, 71035613557881656
0, 103022974605517398
0, 6364434585339919
0, 99200233701284328
0, 36723755211222088
0, 72787307323284007
0, 3360969812005617
0, 83686710616457059
0, 63866437971959047
0, 57340396337198737
0, 57659914918009974
0, 72567551864407997
0, 103805406962487942
0, 24214603408884264
0, 79381190842831964
0, 106911331673590127
0, 16118289121439217
0, 103750667869920385
0, 50957034343118809
0, 8320801375793720
0, 25420045091005705
0, 81898138880093390
0, 54136952765667537
0, 69983300080178305
0, 106298442786572265
0, 70781476125503074
0, 34964622252356589
0, 81229970867799951
0, 43966602573369432
0, 43085665217877965
0, 48383030602279745
0, 60288071147706539
0, 75442946731272870
0, 147554800659460
0, 58609986789371591
0, 59748456356473725
0, 24028606266532282
0, 33245791127926439
0, 68660546406255180
0, 43115428255132692
0, 94193003740797127
0, 99676796285990228
0, 97514937526813520
0, 71769592437617292
0, 78306788478189339
0, 65041745642918193
0, 75338644880310753
0, 55981441857707884
0, 35441587534479377
0, 71126822226534629
0, 96570711970762149
0, 43597727478023127
0, 39396988767142780
0, 105243639639930351
0, 84880331901611294
0, 40965687558709646
0, 42735629594840473
0, 5768832978655113
0, 60915439982647051
0, 39019843346036874
0, 90896718910070459
0, 29918477162832429
0, 4363582892498940
0, 61130281544289354
0, 78962975236308713
0, 39831856159670354
0, 50481900212010615
0, 64167293099148963
0, 96933562286299944
0, 26510765039545114
0, 39215265173020742
0, 82378998564199682
0, 11519044915915456
0, 64469738991035951
0, 48835214414204808
0, 95161896424289662
0, 17354503252184856
0, 106614701637990878
0, 3677852154796300
0, 79495063462538011
0, 103965032601090390
0, 92875288733319083
0, 104040949235289627
0, 31339487132528299
0, 88868759326143622
0, 12503073944138965
0, 1044625695696574
0, 12369426482407435
0, 99684115182481561
0, 101294176781078822
0, 21051248822998223
0, 10528832735005664
0, 41327459085044113
0, 81283695411627460
0, 38117859279427902
0, 32906038461635316
0, 38708611923183852
0, 82535984086661279
0, 104794254263189762
0, 27410980109272687
0, 26818325139835306
0, 45931413336174264
0, 40420607433055655
0, 5584511811060289
0, 35006315297567496
0, 41079926656012669
0, 89448128567530127
0, 48749086225441921
0, 42451557425222284
0, 63988453224025761
0, 45479884264890618
0, 584306383436542
0, 26435747011149702
0, 49664440143861336
0, 52219958007673485
0, 73165936326373457
0, 69234764933903809
0, 105685990443695422
0, 1634953853924251
0, 95521261286484507
0, 107092338286425139
0, 82958397407159274
0, 30241388616052814
0, 100302184529173441
0, 2745224827128965
0, 62312067985392129
0, 35381723212508800
0, 12914015654588625
0, 91683212749217645
0, 58374564822418326
0, 79442465418175476
0, 36841156753616604
0, 96408324649451601
0, 34061575241902094
0, 82990708677023832
0, 77441155280352326
0, 78784171833266044
0, 95659610983883725
0, 29311771338714485
0, 35383225188745527
0, 3834895680471897
0, 93091873992963256
0, 30711635503230955
0, 49791175547586224
0, 72730044405061192
0, 64103300864837868
0, 5897960919748968
0, 101730614886773904
0, 4863752270502297
0, 76054058255253700
0, 30831195323718626
0, 84403035486010985
0, 80366521739174873
0, 7510588259737881
0, 11624637443614308
0, 29165822119054610
0, 54681560075192555
0, 61195898201545759
0, 103708452356416327
0, 59458544756095956
0, 50715319339505483
0, 65902236658216570
0, 29561514354516534
0, 67490518779680157
0, 83365851098710881
0, 64424109626592153
0, 28977703771959874
0, 81757654234099698
0, 11265633913897701
0, 35329170138415257
0, 9318228464194908
0, 8879353147794399
0, 84917252797497559
0, 53345957767928593
0, 6718781511632240
0, 98871186105798066
0, 57006888001291057
0, 20357929979631328
0, 28915141121747375
0, 35316767478152314
0, 69180775259312458
0, 32709245873608247
0, 9659037258554184
0, 90824718677553155
0, 76706517465604209
0, 85591751698097742
0, 17939818134896467
0, 9234212943375049
0, 46062235466672126
0, 69318938077568833
0, 59432089057723607
0, 101789943199647986
0, 82184703674063135
0, 19379200628080983
0, 102603329511679407
0, 47140742205527509
0, 37450810594544329
0, 4624413826991696
0, 29085348882779302
0, 37788703738505658
0, 636398891751778
0, 83845624875183675
0, 41474803656267135
0, 12013102747915372
0, 26115948499643220
0, 77669030476304137
0, 45145402268149454
0, 102283645575360224
0, 4169815559261026
0, 52955080968131072
0, 14344740357445948
0, 12967676056738045
0, 32006467099545670
0, 93510950571988891
0, 17109584115932147
0, 91375490408533342
0, 6433795127221602
0, 105854261418604889
0, 22209241225115041
0, 23602874648857699
0, 5834326788260061
0, 88801971134161218
0, 87888983962374913
0, 99108261552599294
0, 35467048341418084
0, 24523374675054275
0, 76427101861955396
0, 63183357961610657
0, 30475488399582788
0, 42066149550719245
0, 52327399584472718
0, 50171386627292961
0, 56967549330669231
0, 2077402653535641
0, 98049639720513993
0, 15097593291083060
0, 37217910004867825
0, 96271511781843010
0, 10903106285041408
0, 104833925323709607
0, 38768148226068799
0, 99205351003827864
0, 70168369412069189
0, 65881502859507037
0, 99670552916660860
0, 33268782083782061
0, 62728425413774583
0, 88760409370461873
0, 84992530214966263
0, 33568192010405970
0, 3606059793762862
0, 6395302694735142
0, 56571423753178440
0, 98168224189788065
0, 8142547694924777
0, 83596305950279699
0, 95565301129155389
0, 16558295017795060
0, 6207760573208716
0, 11763488313336441
0, 61966520674130691
0, 80551327262077044
0, 93201279322970289
0, 53630188418501252
0, 34911521554925242
0, 102320958944625510
0, 75340770137633848
0, 100560730818316944
0, 99246544887595747
0, 94559317287651314
0, 71492398580503637
0, 70088975190546173
0, 49533735321846204
0, 60352219598605859
0, 5222661020348826
0, 1294855859238208
0, 59862597881558442
0, 62289144931869401
0, 39325299376707268
0, 82126124564108602
0, 104332607541033230
0, 51618019228457515
0, 52932824074533670
0, 90939620145121298
0, 47591897148888244
0, 30743141236302994
0, 85519610427972129
0, 63541101522315156
0, 31274454533474343
0, 67610319390905696
0, 4738739371601240
0, 63260873324836536
0, 5603094591636858
0, 45338791281576566
0, 36474610208518168
0, 66755123382956174
0, 94590149945196994
0, 92076672458873072
0, 45485368365149609
0, 92582100278728612
0, 35920274822540199
0, 46819336346476235
0, 62251131816598935
0, 24075309390787426
0, 47884379302917672
0, 90822241275890834
0, 104180847639973433
0, 8897212212570800
0, 14885832611356020
0, 43256132295276865
0, 37881239395376421
0, 40858032737190849
0, 904092451072071
0, 58723373559796071
0, 43567849794951455
0, 55806968485610543
0, 91613542899034225
0, 24992511241334110
0, 51594241180095390
0, 75937784442574186
0, 73613684471141814
0, 62962663030985285
0, 94724013025344134
0, 91082506533956942
0, 10006752693959096
0, 87722159299373185
0, 4811970972729667
0, 9926619501999571
0, 63755404306986204
0, 63442662803331702
0, 11275423860721102
0, 50415545236126630
0, 92246125018245167
0, 37648593818915071
0, 76797731162487387
0, 6557172088361062
0, 35935729687827399
0, 57270883502613709
0, 36385514712159277
0, 85678726771448338
0, 90545078944642405
0, 92312299104951883
0, 72702683181449064
0, 11055501689100041
0, 48757527267608975
0, 37970284936399369
0, 87171730677056728
0, 39492694138660524
0, 58615719424329763
0, 77704138480442536
0, 89665973812868897
0, 32016157601157842
0, 14389770971497635
0, 86078659346930828
0, 40599974742167879
0, 6491409842858115
0, 78658808555212174
0, 91000562017815718
0, 21093892977850513
0, 44654756620356352
0, 73412742874035332
0, 88287188271006098
0, 19228254703746107
0, 41103818182694200
0, 51285718087351208
0, 56700238538724749
0, 104581932630763362
0, 104197824477444011
0, 62326674327949736
0, 5034367415679041
0, 87316869046195921
0, 24974395772446708
0, 3069818352640383
0, 91436247904201632
0, 60798802715541955
0, 99176919802878489
0, 44607297868274635
0, 31124302549606216
0, 99048033131801449
0, 91624508058220290
0, 1010088270915739
0, 38517382573026829
0, 3029140043562501
0, 25224024249783042
0, 387724673985761
0, 14343712540358639
0, 87517124069391517
0, 1461791097176994
0, 24022412561999215
0, 38869201335502938
0, 78402551978171050
0, 37699179078839798
0, 71249843286780288
0, 19300806566225918
0, 24320493252788244
0, 103865572033038537
0, 57730160446634926
0, 89810400803854192
0, 104952432289423221
0, 69460331308537289
0, 71207029998700377
0, 102871149354711918
0, 24706958885849635
0, 20656979787282208
0, 102108222903358687
0, 29619464737754332
0, 25532405863637420
0, 85812891207122814
0, 87215639554743235
0, 23538897124385954
0, 79419156486956550
0, 32573812905240905
0, 2813083214361071
0, 5722219512792265
0, 59741216551023452
0, 96407197890131231
0, 34530324730418870
0, 101421267286858074
0, 52221610438398877
0, 56558978721462793
0, 31162778756506424
0, 4967244661353676
0, 75894492434398326
0, 24343818864717597
0, 94180504494087050
0, 20861752331609729
0, 84841274381203954
0, 29549998291760969
0, 49227095109753786
0, 28788939738414750
0, 92579417695275311
0, 78847782434160720
0, 92155263590959583
0, 103242665610099475
0, 78341791803787813
0, 91960223570593925
0, 36900035960420003
0, 94316978224964820
0, 95851877822826190
0, 56372174672258822
0, 84779554622161375
0, 92684533444854187
0, 71319622162257997
0, 547398883249110
0, 83866787460441614
0, 4363492777919607
0, 12309519767310387
0, 99725757911781811
0, 65091050208586576
0, 71944337300772053
0, 74257188527740962
0, 19290973149265407
0, 40057181460961746
0, 74010465186799857
0, 55898777376327089
0, 94181582247765503
0, 36586356737003226
0, 31104676179665916
0, 92486218069001219
0, 53480534725535261
0, 29970214558706684
0, 49044344600926472
0, 9620579280506916
0, 78431757094897450
0, 53828219976689173
0, 71342679824157934
0, 89111639597467027
0, 69344744143139472
0, 96231859859971885
0, 101214639636857134
0, 2805660474252358
0, 62008559361562377
0, 82123002649232128
0, 70385400002913122
0, 95628282128092760
0, 32267215467387678
0, 90990021848222804
0, 100402491111687016
0, 433593883937042
0, 29403974809860255
0, 95675110691437674
0, 53356758530536147
0, 44227145627939390
0, 34577292922196754
0, 39651996288371335
0, 49197537034282754
0, 72133305862194371
0, 51153460774082282
0, 54014016200412692
0, 43470633901745041
0, 85181705301642278
0, 11323212810045529
0, 28701640458767496
0, 61896124374500727
0, 75677588541476561
0, 36337617646258845
0, 80387757276003289
0, 102222823030945951
0, 28284054534643835
0, 49910513943293043
0, 6389843793807082
0, 41263883098549631
0, 62985199264861343
0, 26252499403983936
0, 91534035370591715
0, 6766222651087104
0, 43041610455470916
0, 43427135097647188
0, 45839636287800267
0, 50239456649868042
0, 55682523073456784
0, 54767547520233625
0, 97044610950936068
0, 74334422909576141
0, 60546850281380923
0, 42083401691688251
0, 97503054097503202
0, 73456198184091707
0, 11694884648750408
0, 32800531984695189
0, 32819884681758966
0, 4647726829135224
0, 59237561600294599
0, 4863069610174497
0, 7241432276650373
0, 90282337844587539
0, 36562452721439810
0, 68993872367936214
0, 950489593047231
0, 12315711451226533
0, 84960072928001999
0, 42119617106721807
0, 20763573603476205
0, 90062493576987159
0, 18789465589735598
0, 68695866611990512
0, 85306708799067161
0, 73667148579131702
0, 45177348680423058
0, 2862675273279967
0, 12246982546705107
0, 69834107728505359
0, 707921716677352
0, 81800718697184636
