0, 1
0, 755101267340
0, 700628094733
0, 40278716450
0, 779870112061
0, 693027832525
0, 304930653102
0, 183130715016
0, 839146586770
0, 1421571438886
0, 1104708412155
0, 965434895961
0, 740683132932
0, 543739391278
0, 1008881268268
0, 1170933462906
0, 207596220765
0, 1003821772251
0, 509276041064
0, 230190018673
0, 1075093442996
0, 821015886778
0, 723803483844
0, 10158506002
0, 1154862596245
0, 1027675776256
0, 577449548482
0, 1244924389114
0, 1427774085802
0, 1164495551405
0, 1261047855791
0, 1282056158714
0, 958240296905
0, 911109486646
0, 1316134466708
0, 857165750208
0, 248939604346
0, 134686607863
0, 50223148441
0, 48774371330
0, 148453544447
0, 53440371824
0, 945076738027
0, 572014690365
0, 840034757563
0, 734725502536
0, 288330201493
0, 505480375769
0, 63563994706
0, 1271011440165
0, 395002572970
0, 408989991360
0, 897640389631
0, 841002340841
0, 1172934740183
0, 741030192063
0, 1083703459063
0, 565307323835
0, 790315739040
0, 934932425108
0, 954046785995
0, 624099928857
0, 246559943861
0, 252883067350
0, 408446475386
0, 567363010866
0, 102840137171
0, 779015566406
0, 1452759254376
0, 202546238745
0, 1173275208052
0, 1243395494376
0, 708172601401
0, 847644197999
0, 1185615585731
0, 264168231733
0, 1238124211317
0, 977086163729
0, 668012671839
0, 1186616347810
0, 238441101473
0, 827139470799
0, 1248438893806
0, 61342549983
0, 295131951361
0, 559024813490
0, 1129530803495
0, 838606181334
0, 219359184164
0, 32291052967
0, 308596758175
0, 171035716726
0, 105254031460
0, 470944304873
0, 660587564790
0, 344732421205
0, 309334531556
0, 173771320535
0, 743545925171
0, 230113125946
0, 1452261527917
0, 438596849218
0, 391338362729
0, 655274458301
0, 1119175161253
0, 1018674553532
0, 1038726330790
0, 662614372164
0, 1342204233108
0, 105744905142
0, 315785275720
0, 641371195709
0, 19456912475
0, 53351801978
0, 1203728356905
0, 1286563746971
0, 412222799953
0, 935726983287
0, 1258970222638
0, 1200300756222
0, 223877177737
0, 695886156245
0, 1256334823247
0, 1157562427241
0, 910118312276
0, 987366948996
0, 689838933520
0, 395468548527
0, 654636272813
0, 166008313071
0, 525721623761
0, 722059059825
0, 430034828064
0, 190643362111
0, 256217362191
0, 773401369161
0, 437487957868
0, 1205218071818
0, 1288665535167
0, 7644400249
0, 1338804294479
0, 882503188972
0, 1385816799417
0, 229542636258
0, 662412296407
0, 1075098172217
0, 1428325232052
0, 912017878375
0, 870083953545
0, 1188367695337
0, 91523717274
0, 338790163013
0, 114129494195
0, 484463911681
0, 1443347081290
0, 672765313743
0, 27917754966
0, 301006824861
0, 914766046828
0, 928884779081
0, 1234595668825
0, 961866030566
0, 1266302727632
0, 1330712583798
0, 370988310676
0, 823442597741
0, 1032396897337
0, 50823008025
0, 442025085667
0, 1137065117582
0, 399788091781
0, 761404341165
0, 138101251223
0, 1420555602974
0, 69515245491
0, 444382457757
0, 1199527972622
0, 1459207601274
0, 43963344102
0, 43614994198
0, 902042506585
0, 539865378528
0, 1321184191278
0, 848583802153
0, 307432210471
0, 189403384267
0, 337169687348
0, 1239447820303
0, 238563853091
0, 1094375920630
0, 656438008725
0, 456332042867
0, 804915642091
0, 901604091457
0, 1225783363182
0, 1043148840223
0, 367233939277
0, 1451550495732
0, 1288532339480
0, 776368238679
0, 1059792933672
0, 1277556648967
0, 983189383726
0, 1145499522668
0, 669433345437
0, 795298978367
0, 1384245507
0, 1150330765412
0, 1416587893871
0, 437590119990
0, 731292243373
0, 1175053135801
0, 968219129907
0, 348919953584
0, 360002504004
0, 278196344025
0, 952420564317
0, 1417716594237
0, 625576326559
0, 210450326370
0, 834133310074
0, 483997267567
0, 925136836886
0, 328410526160
0, 578261149580
0, 1232825718774
0, 157539871469
0, 786502656033
0, 325557075020
0, 337206701612
0, 254673746733
0, 733858384649
0, 807598406591
0, 46878491915
0, 42410181585
0, 392303388309
0, 1353698308952
0, 847343236781
0, 1073598225157
0, 1155915659698
0, 1150049459824
0, 600289255042
0, 1038608594298
0, 724707929813
0, 642886139909
0, 272889497365
0, 80939210112
0, 1278736552073
0, 1249103845964
0, 444249823311
0, 1237125656262
0, 835586874942
0, 1050436598781
0, 899510655752
0, 304167476723
0, 444365419445
0, 1299990190212
0, 519464790666
0, 1257415235478
0, 895743940303
0, 805544345289
0, 1203065369226
0, 2072567350
0, 116827078601
0, 1024810880244
0, 232341766532
0, 824424308520
0, 535976383814
0, 729686562411
0, 644989486897
0, 1378464490555
0, 766067550901
0, 719657686007
0, 1175394489569
0, 895714266887
0, 998302460778
0, 626960487243
0, 1018627184087
0, 849474863974
0, 788194883555
0, 929037024442
0, 350730274234
0, 1187119031672
0, 531985746756
0, 629639351782
0, 993685371990
0, 92044228600
0, 155402331056
0, 840228203596
0, 610795430738
0, 328094046398
0, 415392798063
0, 1380373691247
0, 632079073184
0, 1416502867892
0, 423416961723
0, 621813088582
0, 1344785495100
0, 1326021920678
0, 647628809555
0, 652408717853
0, 217625732393
0, 810487948698
0, 551222735414
0, 869493181404
0, 135642295596
0, 1308431511218
0, 268485828123
0, 1247914929127
0, 518201825789
0, 582502462993
0, 1152309192511
0, 962240344167
0, 268136763050
0, 1180318928129
0, 1416766928666
0, 814433055317
0, 1309118359363
0, 208777239849
0, 6755103180
0, 96339005164
0, 79351237916
0, 173149017002
0, 516146212199
0, 1384451540170
0, 1159858633547
0, 1130913991831
0, 1009426348725
0, 1012724801377
0, 304372993096
0, 507952779771
0, 665131048352
0, 1279337130891
0, 1065754273787
0, 273689106442
0, 1381387094121
0, 110534807107
0, 1067357417376
0, 1325705257720
0, 1058400479575
0, 786295651328
0, 679991026851
0, 1297187112281
0, 389821816919
0, 1167986566901
0, 874489821139
0, 739401643579
0, 1444646894850
0, 272612137808
0, 106790558100
0, 1076868940146
0, 979011272662
0, 119835735777
0, 26103061189
0, 518246324531
0, 688438504435
0, 204916410165
0, 501023975889
0, 597740706544
0, 1385724593022
0, 606039769623
0, 250950247112
0, 419500148317
0, 1190952891978
0, 271627928409
0, 553764381542
0, 1326260239162
0, 827041353623
0, 1298220221462
0, 1010867554909
0, 330558826899
0, 1244946127650
0, 1215949977506
0, 1249009324416
0, 1375513572098
0, 1330609178870
0, 276310870197
0, 1073302392885
0, 64822742010
0, 439677680415
0, 246912151721
0, 1297147623245
0, 1066166229017
0, 57459136785
0, 557382189537
0, 398689817669
0, 1049309016832
0, 182773277669
0, 370100168880
0, 655150196129
0, 398006267594
0, 1008893607711
0, 461622267471
0, 1267692788257
0, 424355194617
0, 885790922219
0, 404110826602
0, 278498774063
0, 795235349464
0, 293298898147
0, 832795362749
0, 1225648550167
0, 1106224954713
0, 1253289392455
0, 927360290803
0, 308260812754
0, 952365533702
0, 49731527883
0, 932004738667
0, 440397255333
0, 824638065461
0, 49877748914
0, 338273057886
0, 982267499720
0, 48768667593
0, 754849438151
0, 493934876320
0, 376201522500
0, 1106897662891
0, 265314278538
0, 744597722783
0, 1025925677226
0, 827942795015
0, 1155608529436
0, 1279826682906
0, 458034184924
0, 87677128640
0, 421571242511
0, 1248724652466
0, 163494868287
0, 838788732083
0, 621721909277
0, 835221640654
0, 827474214877
0, 362352923047
0, 111565251274
0, 123436268335
0, 551104642286
0, 1354066098770
0, 826009434132
0, 1288133286018
0, 1082754469908
0, 767749658199
0, 488346076382
0, 289963877297
0, 304749671985
0, 661323451469
0, 594283176621
0, 1241698080727
0, 444715733015
0, 1283886927940
0, 739289273158
0, 774574900244
0, 1415524967915
0, 198591020303
0, 1284693718788
0, 819809765235
0, 948417220882
0, 516173159897
0, 50841368275
0, 1063838465032
0, 112387570151
0, 445258128946
0, 1227008383723
0, 1180835392341
0, 89525900938
0, 94642516167
0, 1426032832754
0, 1461359102523
0, 467476714617
0, 625716169334
0, 1067188943722
0, 1374001424347
0, 832649749029
0, 1410733768673
0, 1166104203069
0, 580086342981
0, 1171783836245
0, 883033446542
0, 1374048722519
0, 1231444836919
0, 333499620255
0, 989995602926
0, 854407600012
0, 1073503256188
0, 653004250109
0, 783881914761
0, 1300267764130
0, 1002664379218
0, 771795948901
0, 555274574841
0, 1407362147647
0, 1179121052574
0, 636444920311
0, 340515881528
0, 778314057974
0, 1000284598951
0, 959136228596
0, 663856582777
0, 1429164136671
0, 1292544065758
0, 774805561081
0, 381179276787
0, 929920590945
0, 43932908634
0, 664151712617
0, 434698547280
0, 1416997680288
0, 754167283455
0, 137931231243
0, 967447775290
0, 1267980016008
0, 1400290739229
0, 29740961124
0, 45616888542
0, 610690042903
0, 265720018654
0, 1434074769136
0, 1346389297490
0, 711258312278
0, 665338708064
0, 102936227538
0, 40676244724
0, 1045488597042
0, 456280895953
0, 13268805793
0, 977831247606
0, 931708291767
0, 1356178208001
0, 326903957486
0, 1060811841911
0, 892970808143
0, 149722482706
0, 1326006778282
0, 423929599144
0, 317564906162
0, 1235790163655
0, 994682407006
0, 924073745078
0, 199715161636
0, 1433469100396
0, 1175442299660
0, 1031834519763
0, 63357697582
0, 984077237178
0, 929554267237
0, 991106541681
0, 288131883151
0, 1305617529331
0, 242854698800
0, 893990011772
0, 355729256222
0, 726945545106
0, 519384299330
0, 971219313455
0, 82184665137
0, 834106178096
0, 1305422073833
0, 1395607988767
0, 514950298955
0, 789170022042
0, 729777782366
0, 1073826213121
0, 878979269469
0, 891211255007
0, 115324108536
0, 976924667512
0, 198972673126
0, 791727223841
0, 302795700739
0, 1172549847826
0, 1117554120553
0, 750598209661
0, 1369031233399
0, 1081001757354
0, 479663734480
0, 489548170594
0, 876605142262
0, 203236874657
0, 154881193720
0, 1388099353556
0, 604007793195
0, 260916249348
0, 811236116013
0, 755729284366
0, 873653842236
0, 1274498608274
0, 137037894919
0, 1075554549767
0, 811934686805
0, 662028829781
0, 394209108818
0, 1307495798353
0, 1363645951751
0, 8063361100
0, 462434843085
0, 1425809226318
0, 330410691795
0, 1434676784796
0, 1273478176473
0, 111097309612
0, 378775556109
0, 47512075010
0, 1030975260063
0, 784506790084
0, 1155247640362
0, 422784864250
0, 1164530068675
0, 434147533549
0, 317539715899
0, 362111027634
0, 1160991240649
0, 717258809996
0, 264154792030
0, 491777379196
0, 1266383482109
0, 1282705127563
0, 31482540998
0, 345724327004
0, 266361620639
0, 123983978576
0, 312303446040
0, 1420910714057
0, 1020470479746
0, 79333410723
0, 311642770804
0, 140972189993
0, 316969226211
0, 400037224249
0, 184444207301
0, 776111706556
0, 79889193241
0, 938624669486
0, 530912847187
0, 482599188865
0, 1002731393724
0, 777348724809
0, 68332811245
0, 482064735131
0, 1138941975778
0, 505135658349
0, 137024528657
0, 1413125721989
0, 865015491493
0, 237766353749
0, 636395788282
0, 931903220441
0, 369191799373
0, 711212850402
0, 594078643436
0, 1151897670339
0, 1090914866623
0, 850903916079
0, 431585363507
0, 1450127395058
0, 348171810117
0, 1232059745133
0, 1433390225575
0, 345896974329
0, 56284962077
0, 974133382959
0, 489884885655
0, 1896682117
0, 426468655596
0, 1169038389716
0, 1231617320560
0, 1028033192465
0, 68839847909
0, 543809730141
0, 247591643300
0, 804952108393
0, 1401761536987
0, 1429644775225
0, 1360407864620
0, 504904010801
0, 811812701304
0, 1398537601747
0, 389397474821
0, 389666717928
0, 1064929164152
0, 28004496917
0, 1249378071677
0, 69605051368
0, 588378960867
0, 1183210282955
0, 378120903035
0, 107362034228
0, 1290255626041
0, 768165151605
0, 364759414700
0, 942551980619
0, 1235855380347
0, 1396181587096
0, 1434802789769
0, 755050187634
0, 242454592232
0, 1284264278096
0, 740277642136
0, 1239316000483
0, 483874107010
0, 967396240575
0, 1059582512470
0, 559494610960
0, 70109128712
0, 774074338583
0, 256830227336
0, 1246514789470
0, 627681279222
0, 1421175017105
0, 222494650370
0, 762927535418
0, 620243688829
0, 26205295668
0, 1352596386096
0, 679604470825
0, 155456089868
0, 821707269837
0, 614854074162
0, 200596733579
0, 96194710943
0, 1174894137933
0, 46282738523
0, 273139200830
0, 372755450457
0, 579343569921
0, 76976376299
0, 764817805404
0, 75049504782
0, 935611393115
0, 698129925677
0, 1232312889756
0, 579841664940
0, 481782045817
0, 455888238904
0, 570720587859
0, 1313800149672
0, 1248472672330
0, 916015051682
0, 743817235466
0, 905179566542
0, 1264401010064
0, 1001458147107
0, 999863785002
0, 1402859994024
0, 1414053558510
0, 675475139761
0, 522291200071
0, 1405869973409
0, 292539452083
0, 1165511681081
0, 875202241115
0, 41802029672
0, 1460215651085
0, 453605325419
0, 12822105111
0, 22228240588
0, 208406267136
0, 292808826354
0, 1041473428251
0, 322284885791
0, 1011970974769
0, 538964110576
0, 853104130662
0, 195957699753
0, 147796667547
0, 1028415988095
0, 642256622898
0, 1428627723607
0, 1391800773723
0, 644478484419
0, 204425910192
0, 1194727024968
0, 437461256238
0, 669345680460
0, 1200057312586
0, 1027581624894
0, 489045103267
0, 1009974218585
0, 244733003323
0, 420234689752
0, 1427178171436
0, 247715611708
0, 558755233530
0, 1158956410862
0, 765696221281
0, 850910559915
0, 11983368783
0, 485283586682
0, 1200534618924
0, 1354642232033
0, 92212783283
0, 1402668827101
0, 383471083679
0, 631039222065
0, 512722096576
0, 209898050050
0, 692171762495
0, 1108796648508
0, 1345619651257
0, 1146419224311
0, 1374611047519
0, 408354873592
0, 563052761286
0, 82633242765
0, 1243169416962
0, 604140280759
0, 463714235169
0, 1095121053016
0, 1140091722004
0, 238339105474
0, 819701109682
0, 226709502801
0, 1192983811777
0, 182629406750
0, 1125442048990
0, 302436060162
0, 1088977141556
0, 1433430838448
0, 1261256305739
0, 470699599461
0, 622892535240
0, 1251426194285
0, 268995221674
0, 1328211183338
0, 309723116559
0, 676517120669
0, 374276437686
0, 458674443562
0, 343168717059
0, 105724561985
0, 785066857112
0, 957134153495
0, 516551475355
0, 1402103772047
0, 565091132230
0, 1356903774187
0, 434809657822
0, 134638063362
0, 578807692082
0, 808400559003
0, 551306956794
0, 306084609042
0, 1367320658364
0, 91957165243
0, 1023484304350
0, 1450848840418
0, 174534189871
0, 181882732103
0, 1287661389111
0, 739802919512
0, 249092083309
0, 1113563263172
0, 1052184031442
0, 1271933051274
0, 7629085768
0, 1359834657615
0, 1257363292095
0, 971683990651
0, 113031494606
0, 833619390552
0, 876921830152
0, 579109972257
0, 168799904938
0, 202526115911
0, 1408142635506
0, 559996952007
0, 340846368196
0, 1018176256347
0, 914748099853
0, 410537026025
0, 742721790865
0, 1255314087384
0, 594102324771
0, 573708019502
0, 176663889712
0, 1280983185704
0, 437454348177
0, 1374077878596
0, 814360186398
0, 1344834186483
0, 26441847503
0, 1300603169177
0, 1385646998134
0, 1421699813754
0, 959409471121
0, 518279085721
0, 1340605277011
0, 470105021125
0, 137881385671
0, 1363552094153
0, 23391593995
0, 804866431201
0, 309143690375
0, 353744219433
0, 164069651157
0, 1364214531973
0, 234106941292
0, 1266721237268
0, 512569882380
0, 1320860767412
0, 197037793559
0, 959785153272
0, 992300616190
0, 730510576664
0, 205732002009
0, 1022092424231
0, 56222069210
0, 392514824948
0, 771131160427
0, 543397964069
0, 937953204385
0, 1102753115177
0, 97995407299
0, 154021346492
0, 736640605607
0, 1399301410369
0, 1132093571634
0, 818212056280
0, 827419365019
0, 322159081358
0, 1286491501623
0, 1355547245476
0, 12152906654
0, 919264008081
0, 1019261428422
0, 889895245945
0, 60556323699
0, 371430134171
0, 21277471776
0, 1011584706274
0, 1305122241059
0, 728655971091
0, 83316933489
0, 71596749608
0, 724201345177
0, 1280205739278
0, 1379757543750
0, 718853139852
0, 1258483105287
0, 754761455833
0, 1324877900411
0, 1035511784074
0, 125254662617
0, 118980001516
0, 1234838956907
0, 1029845737483
0, 1092095351566
0, 1278973546180
0, 1243883942066
0, 1410349800968
0, 758481592073
0, 741561611139
0, 907882744117
0, 1123131523857
0, 1431915712407
0, 715252107299
0, 1212390632070
0, 344845593786
0, 1006397299883
0, 1104879232127
0, 631858478913
0, 322749400116
0, 1367263554057
0, 1310105700167
0, 645110669154
0, 88406219452
0, 1112207569141
0, 1460464911194
0, 460922055232
0, 1347066866324
0, 433234294714
0, 280150168389
0, 1310619034871
0, 695024693315
0, 122373333165
0, 269822234000
0, 87399952550
0, 232051380818
0, 1211363491122
0, 737751418618
0, 602670937458
0, 458918120800
0, 489226390072
0, 1123482865601
0, 1398712193497
0, 557072090741
0, 746456114497
0, 254975768645
0, 247937328461
0, 877134872195
0, 506006521998
0, 136222920142
0, 496648545389
0, 286456400177
0, 607426659819
0, 1372247141348
0, 757960766116
0, 660406074735
0, 800266522187
0, 1079973406120
0, 1186923540131
0, 313099032393
0, 621718985458
0, 338819906618
0, 898205426528
0, 476845729869
0, 765245938250
0, 591382550885
0, 161587984104
0, 774296100864
0, 1050833071510
0, 1038777191257
0, 974444746783
0, 1003971665332
0, 1224379148227
0, 286442299505
0, 1320735916899
0, 656996355987
0, 820689010914
0, 1407830407463
0, 549560145536
0, 1372965834974
0, 1125346413361
0, 1266387741687
0, 1120909158818
0, 508231475629
0, 1159947140521
0, 1374187746332
0, 542996774043
0, 157129149289
0, 1326078235020
0, 492997094912
0, 767216561362
0, 300847164127
0, 567176516796
0, 1345425166210
0, 885504200696
0, 1210714322817
0, 36605815239
0, 512471298000
0, 1371131802637
0, 219929650004
0, 1242418471897
0, 1277175857382
0, 515762065634
0, 839283894882
0, 270462674208
0, 1110665795399
0, 546617539461
0, 1209239040009
0, 409432370676
0, 807335737944
0, 615534533482
0, 1009915318903
0, 336138152406
0, 1188830520519
0, 734778744280
0, 1186886023162
0, 905101208247
0, 413170253080
0, 1460121619234
0, 582128691121
0, 1040280119317
0, 347282145843
0, 633034514307
0, 794128035063
0, 881442345380
0, 363350889761
0, 179434443307
0, 554253498602
0, 1434920903764
0, 418929569741
0, 453259312890
0, 1397853521054
0, 978185624008
0, 307613356898
0, 841456391314
0, 297540776866
0, 1328868174329
0, 378616556344
0, 616940704244
