73080, 4553972532019762822
77202, 10191899434484219323
14702, 14673098874447516467
72579, 2664349745642444938
59682, 712260113466447385
80953, 4774113614389998858
56830, 10291315177284162918
8331, 3000260806284810903
88855, 19239790139583351
71123, 11983584667197232829
18019, 3342169763162454275
83954, 17340344267027770302
6584, 4682421918853332010
10713, 7010497826218634459
74968, 10390556850250815646
61039, 15104849871018750809
76267, 9995389442978617634
60747, 13205838631543332471
88203, 8540012966078586243
25025, 3933571675301973700
79285, 3557993694177763259
33960, 16687147878928459967
13, 18040245494746949856
108266, 4912211525637320281
102752, 3190387048611123471
64533, 6774489538194951150
75788, 1242673875237804998
22655, 12820951788573896122
58249, 8215817763441814247
48318, 17827384206701729247
55581, 15123032299852497912
67986, 5308410775030970845
45450, 16699140727720818381
86800, 8500138666652289368
23645, 8617149319913418917
84842, 2161462953113643014
35651, 13653672629545195263
56886, 2149121932115434820
55610, 8661720355457783212
16980, 1385070205486073845
93208, 1546134147606942478
27061, 8719957827260380383
66132, 1820851167224767150
79782, 14629303663642602966
101188, 6967639338200592167
10815, 16820964993769601679
18011, 14805269582508026860
27002, 325451228714579555
31795, 1015624597760412565
47068, 6324462141257204021
34476, 11042889477869349041
85322, 3658302018048833361
8198, 7609579121158852295
44168, 17780135241843913099
52147, 15412094712293019543
58589, 15127530612863633303
12958, 6805704499892383141
1471, 4443297579899851236
104722, 16875603526330871541
38600, 12743087018522267211
31501, 12634511435749463128
53595, 15425149270547595772
25084, 5785807417050918130
60939, 13655774883916454299
47368, 16493260845883304209
24035, 6779983689817882076
42842, 1739333603022422896
19037, 12190945315603956339
212, 3613060738278034550
90017, 12065815659149693461
109539, 10107000429421338243
22054, 12569062609016243929
19667, 17710069387651116301
90384, 13585099713397573666
89432, 2128197825431136798
114966, 12664820250257387390
88927, 12473418154468042728
22514, 7168681725267443113
3495, 1620191664845556335
47185, 6250965273624202900
32174, 7391621884935625329
96398, 15741539550727638006
84313, 14308461830914740580
96006, 12889799177490968758
22610, 7271026416773758553
14146, 12589362772066279304
33449, 14972246099015692095
51163, 13567519511993202018
51752, 16548219874705155280
89620, 13878380556724807161
60991, 8724450996568896843
47030, 9138013123160957467
61154, 1912432896295680991
72013, 17531627658415567629
23210, 10482081442657693516
10306, 16920169061297296338
89527, 14092330674049361167
1530, 3542621110935796770
71353, 5143414887533545721
69481, 10951188958288784914
65934, 5482788722860267474
43258, 3190638859615695504
101103, 11817607588527385630
102835, 2462167534561782806
104202, 16894672747553420257
71305, 2029379900488984822
13653, 279840452237786056
20726, 12762874298396024215
71134, 9311007588505321387
4770, 6400407835250631098
85946, 8200719994723244617
96493, 9246548378412456771
22532, 5030379137628826259
10625, 3753827318988036436
44788, 4934556776766715519
100846, 3198072610551710515
40842, 12506904576249509134
34167, 5758353574398448359
48603, 396081753335800098
10264, 7080091800511238044
41587, 782281748690241795
40599, 15722868731725074156
61180, 5678517990181653047
83458, 14982339619328568821
69043, 8958805385994015502
10590, 9640693449137235188
14027, 9598994229912842137
109941, 5728260792591443394
64727, 8777382615277853318
25595, 17192632809846494958
68788, 8428326450121266652
107548, 9928583737335394153
93618, 17148520073522771693
18357, 1317998183195585452
20714, 18075774750772508001
106557, 11437937435030830200
78815, 14703438169784385907
62226, 17934562525309470197
48495, 13679896522166107714
89207, 7098744090083251823
105496, 5105576095506956932
20998, 3058096633947464850
5058, 7535556581767830777
108307, 8317372862160285623
83482, 18073857282966819188
62269, 656194797251651155
95974, 8904566719754621670
83537, 18174220771316051609
91726, 7587945551463138736
32414, 7441596502383418194
99921, 7515002187981629326
78930, 13546965834011644476
8420, 8100665238176972717
75449, 13001121567391043603
102635, 4573041644933781318
58992, 3391858857576321706
642, 12316375855053314528
65523, 9883088524303432727
32462, 8372691744798397427
107360, 3003951702297777486
31221, 7745092927203698253
53464, 12062234864857861592
3048, 7862808159291737776
51742, 1493778111660093953
78427, 4206398316763663499
81089, 10288659390920593517
9986, 3707768228086858138
71667, 13356781035535825193
10755, 11785948987666928873
22534, 1095037826684382454
68887, 14676856784604902152
29472, 2727910986567828440
71509, 15765204581974331899
31772, 17700920302991173213
115551, 2627520754632598517
25915, 6474169207109791893
12120, 6482695724644655097
66215, 5375328153983045289
73599, 440604102921937165
36536, 14937683565017269220
96829, 3824392065765107940
23344, 1742600108251311517
69192, 1301741557452417478
48906, 11793648847855337665
106562, 16552918101319483132
85084, 373452916777938257
9020, 15802735120430842069
25736, 14197043983708393047
113945, 8117135673160426052
86809, 11996165750470846116
37692, 5134376631108232708
24558, 8735666670844913091
107440, 12267416326041677484
61785, 3605439337204215089
51998, 16565024304916531364
4423, 7926660531332486659
99719, 3801681298973293295
52005, 7255282658407065612
62573, 2696496238015146222
58645, 10763440757016421450
54488, 15790912842725008866
86279, 150738743434069747
86096, 11571953460053619967
31387, 3939535966551706463
69330, 709183566012718905
80913, 16235993825098732969
102345, 15406024287032285539
51452, 6258714506168106452
7679, 11411071055606838969
113412, 5237047779060661158
81974, 16982551464633409700
28126, 8435654526951510178
29535, 1634057233689799352
36427, 17186645288940485926
88326, 11119240925878577156
81792, 8247930604450174215
35427, 17278193274178086481
6996, 1417450254785394563
15353, 6158694579498639944
12350, 1790863072969398585
50930, 9343678716472969600
15595, 3335274735313564911
92861, 18163919128839195288
54679, 12295731605867304002
40857, 12776151716798522653
111498, 9546251416697479256
39208, 13215032011157530294
82265, 2737954907851306555
25278, 4632225159438628238
98835, 9934138014847318910
89523, 9140718182625547544
13866, 8548509034744551096
52554, 10496473087657685823
79065, 18377014824193139704
76734, 8324973406160089890
10561, 16097560079301779002
109530, 16888157167061244213
102495, 1920415583580636775
73874, 937440740639132496
91527, 16594764527436649775
71195, 11627234754107343139
29766, 2386097625861998886
16268, 13346376241423360860
13313, 2673502453942464500
27010, 13324297866843890620
30326, 14147919136474026061
64522, 100555067005620551
30302, 13297994259186499718
75853, 6983416917415985133
94071, 9846502043764617954
113528, 2065004120479842463
21540, 11962053457683061390
63437, 4113917279122788678
85392, 3387029901222985891
61156, 9512879548488050174
33511, 12203271464005629792
68051, 16351546478782091766
100079, 5491778588322821977
77000, 18330278130033492762
69336, 11262253404987500274
36252, 6607575135843500378
86584, 6935091068471340705
8275, 6443146974733044323
105114, 3496581900787153002
109812, 16504116656602864951
87320, 6564033111292143947
72174, 5064839614060423743
77489, 11741954445725037087
1637, 6476397133229843258
111206, 10628188451197083522
37068, 5989716153197302533
98400, 6132700933555257760
11572, 14308489211125384109
114786, 12780957792383187496
112481, 13453843452854463996
22151, 13198496592616270987
33449, 6262252461622524507
52928, 12213042571803686316
51511, 13912972390285109700
2985, 17803357755658485795
73482, 15201906022447956412
4855, 10271563673116942975
92659, 18297123775513965538
95004, 6461225395916750425
51989, 3410504830994278995
48061, 5886918194997309795
33254, 4942485960408671982
80719, 12775821246854794312
34996, 17410991267502547683
42758, 12938935858301328801
32493, 4944364529755233246
84804, 14256465065850784409
28271, 16586750777989886140
88969, 11502675225068092460
14276, 1757796825078027149
56145, 13407478842027400836
46813, 4368061436667824016
16409, 3142275790978761198
71623, 410722549538668736
75156, 10730769342533672356
84696, 4168408648202007144
101544, 10714343019351840925
73562, 17985014369809720063
115458, 2925368606468590180
74051, 18183888265984287213
78532, 1137130210807722132
17859, 647939676565621680
97931, 5140555227819506999
47147, 5547127595855690845
74363, 17130457253741866775
93340, 17888862964764904688
31234, 11860735506425509555
55352, 15716786685993646899
30394, 12039923657852165292
95947, 14033030077340587951
58604, 9902213300508163010
739, 17976691743699127175
4687, 12436379331323738499
102336, 14139164611326381540
918, 12060518448020985241
48630, 17753644084658820485
66726, 1123869837275773099
74155, 5911537042564818478
78951, 9087875614737900956
66896, 3681253888027656261
114681, 1088860091394571060
57024, 15334828656068523099
93150, 14133060908964837109
8963, 6804954436392663213
32611, 10356838601568495793
28791, 12918692487752877821
43005, 16823187911811557148
100198, 18204881072991416187
96843, 12184101702378751724
85907, 6096735711562003357
57779, 1930403158070936730
63191, 11298289717739544953
35411, 3301116119564775620
22776, 2731191544397252100
46073, 15595476476087269398
83874, 17940006624864689387
41881, 12662597049106358860
57056, 16096618746048026381
49680, 11771952049509300349
66867, 9955104923785236402
42357, 1269802224017548466
6767, 11086966055663182511
84964, 14636518646124348169
67654, 13590694630556340617
84004, 14629295949802127366
98151, 9827575593474610085
31125, 4354973681693981910
33579, 8695279657892631417
92639, 358463784363822917
8419, 6479506624828331810
80168, 10646686883523229318
1287, 7324230317549333580
32753, 4816491860894422462
76101, 12131468044935765119
4513, 2406100561482186515
32233, 3084841711578049713
97982, 136512768044192628
18987, 11998732235084514170
63622, 13082536579074155419
97149, 17589595991898450141
103812, 13164619738994451833
55366, 11050792816010091522
77125, 10783031966907991619
12630, 16080382759406634133
36398, 13339835722555321941
89047, 16304763568522511143
59388, 10319960683554720358
48800, 14375898065373664965
113189, 4992656853004667305
77849, 8930946964753286941
28986, 17693356880003430258
57923, 16716466598005374301
10538, 14850088608242787713
38240, 2442094264683052044
38724, 14439218719959079913
7732, 13887679793750186915
51121, 11397425807729123156
28222, 13189307683263976205
70187, 3530294532292832423
37300, 18170312995454208950
101898, 16806853598847787145
84629, 5475026038335356184
62494, 10786035867693459541
84022, 1795171828022809809
111380, 2828996742297368826
66156, 5533796217598831731
43865, 17715008613001920559
13449, 3816501715080202734
76101, 11343131163446242946
113862, 3860438049662492547
92779, 15813250515277739189
91743, 10231951902911083952
63546, 430572955239373328
68845, 9645961404397114265
81758, 1335699238449381141
91094, 17153962926685912063
1811, 16296659697573777523
37329, 7108568473372493233
21080, 5676782841989155962
15108, 9924369634844221335
81276, 16167715391883100093
40531, 10505672776708984494
91831, 12860936573982754781
58800, 3189735639442835009
109923, 2210102999724856290
80869, 15202286574048433124
105104, 8067723514088160278
29959, 10609973653035198610
28976, 16107988720878036276
72992, 2939320487879783791
95587, 3836830709722146309
79332, 10998503370850589082
93965, 13689736520645487343
27152, 2148908414355260246
28085, 1997120838559697018
69234, 12968821725858225099
69689, 12490333691662588986
5556, 13772509135767879264
66673, 2609056735548271507
29341, 6308477420332295639
46648, 4834166772028117502
47069, 16683491817487206991
65691, 9523471228275938755
115474, 15407157821915669063
12234, 9724030117833550084
50692, 4184491644400295963
96209, 13226046096100841505
79705, 11452629021429525628
42649, 11326524399392248343
96206, 8268195920265597674
99113, 7986974833726599644
8753, 16925639991062774245
102936, 6321922581241225600
37424, 3224628905578194519
13421, 4641038654967453240
14557, 687137865265025368
94395, 17333851812075144735
43328, 15318461288469743094
42050, 6377846824400080385
38941, 12266628551760128188
35945, 2836126909724201006
6815, 1645376926874728740
11923, 13927286990742636120
4309, 12308517600647405447
53183, 844204396620433510
51211, 18357110209966382563
83802, 10143952626335625924
20941, 3528705064964848034
13626, 11950257861506296166
7029, 10485313046987709098
88307, 3093125568261577381
55761, 10011113684934226449
58409, 12863971603215074949
62769, 6972697201532078913
13644, 16837692980358642278
25101, 16838644981472531781
36383, 11478868898365399963
12567, 8591925376931057537
60797, 15486992543050887557
83612, 12449696602878979395
72471, 17792949393099600858
52472, 6704294762629828508
91195, 9555368653760147706
64080, 797194563478897463
114214, 16881715643057313426
21251, 5717891824057773872
11616, 15082916540430886564
85133, 1123757168241486778
3169, 12456905810482455325
8368, 8692884849848418232
69989, 2928523141126767249
14463, 4190609481442918322
22878, 2882815343995939993
74212, 16890904400415375255
59345, 11863142133315163241
15451, 910723147497408735
2160, 137068916882687511
109604, 10770807873873946032
25290, 13513219108545006748
50622, 12295361819311939916
93270, 10586357328702873974
39292, 18215460294017511009
68151, 11885848845555621353
95242, 17187739698342694434
76073, 9119276272423571070
81192, 15782309260625358314
71148, 5257530522955100549
61512, 12334980970408301173
89467, 18060002760154191997
72734, 1122001217917829699
45110, 1155084696336256212
86682, 7794952206834756593
17395, 6231091183379276367
34894, 13349987696873333933
23628, 17205701723315457551
66836, 3135315530401160694
21374, 5819241584979978278
104057, 295719681144802425
71219, 17532476554308505224
95357, 14331762101719811291
16636, 4074100666901638882
5206, 8398021537606599903
54017, 3322210362204584476
95614, 10190671060699044687
23361, 17471863828012450226
68064, 12078310674333115136
21998, 3351133759773509668
94846, 14937015356784302652
12542, 112323359457469639
114378, 13110217194310915924
78093, 12774517995308319740
107741, 3841619769700953543
27032, 13121272678931090759
17264, 8503895796579881708
75876, 16130783234554472443
68073, 14779030046874056877
47259, 16701740908321592204
109825, 3466335163416129276
8690, 8637940808534332913
12954, 9594788076194597295
27982, 429357533978465639
80853, 291747759114007804
73304, 111725516833824301
28068, 17974988416131989731
43991, 4658042415002529143
86457, 17307004620255512515
96330, 3877143204470579039
34015, 16365904990484414063
83110, 11791157530696791524
115103, 15300213317955365225
105889, 16334522069701387400
18564, 16583881161675739792
84722, 2771602094666622267
12309, 9122362150610967394
102954, 48449380242329399
12223, 16366944908515076788
104093, 1964060763868636645
9058, 5840368107784821112
55875, 4781492928822144177
106626, 4387291210804825577
52005, 12793148260374662781
110972, 4211412298457025529
28781, 14872563977927408051
21459, 997687129256352931
14170, 15084781393016608243
69021, 14560945244742551386
10696, 16959920727957586950
59506, 11426975352983991408
105082, 16022670156566788838
72165, 4416349277471136283
22174, 16855387297215944596
41047, 10652991677686093207
89249, 1322520414101622420
41099, 11139360128779724655
26088, 14734262373206150434
22459, 5874326072472031987
46173, 483672327029828186
56960, 5331248129219897469
61506, 5395600151215559224
8784, 7083319404130317906
87857, 8407484590112479183
68731, 3661174695651938263
2583, 11742048616163352708
97062, 5723187409414961325
103855, 17721720606880966983
80140, 12825622706541925695
103241, 3165675993965293587
85274, 10917821210061914197
30609, 16255067035603759402
100664, 16707124741186665381
55817, 58324445962522452
101840, 3369293561766966613
60319, 11505807657009638303
114437, 4971196703546780991
72359, 9789549988610289500
91378, 3100772383339793073
3648, 7210186373849135327
93650, 14579936459845932185
12049, 1235836574410257662
4214, 7546608505914808308
90560, 9129315823178273852
39153, 14963967014398344583
31812, 2001445885658341088
26686, 13332597161958274261
33088, 4053593418741273738
63181, 4006178169461070244
95763, 3427253489690115573
76176, 637132395640381631
55712, 16173964603145158482
10491, 5821262984257656814
102252, 10488726145120160243
87084, 2760459895865122425
79014, 8250891457184518939
80973, 9306411546361996965
43529, 3236738140316659279
114582, 13324752211082861837
34384, 18382673106126490513
27422, 2223597124860964286
109651, 13972282082511684924
4065, 13983847500208004064
104232, 1639669894248753577
36303, 11702290981953785937
45315, 5650224888421882841
4111, 8009693852446091916
30256, 5838179466792515844
114927, 16144403466564036543
99593, 1487337517749464505
112348, 14155333479032011068
82887, 8634538810339603773
48025, 12048545277379925284
76159, 14487453206230634573
52229, 18073336226529897466
91385, 1057563315473764373
40185, 11123387478417826304
77222, 6394046209804167559
91095, 12842443852628752220
18468, 13696723247586779814
38923, 17067449271244279970
72582, 5235852602025373798
53094, 16356649445303368785
98383, 11123001333638915287
95477, 12111870776548497082
109739, 4848194733846453649
49910, 9491799811631020780
62817, 17908517529411353510
29269, 820286982127545689
30457, 16070788635972586620
35142, 10239503978679175349
115605, 2844987486026419855
4655, 11273072136408037504
59053, 1485706936010074616
75244, 14703565285316542247
42131, 17339388484862653394
24099, 15208746357916099980
53054, 3311925350728725762
13548, 7362848618169199242
31760, 10900931996478279673
68170, 12606623914433568281
62083, 14464233742458346936
54805, 13299187226585501146
75980, 10736357875999179721
111609, 13988384660296349744
22713, 2017223166851801693
21878, 16479328069336746339
31442, 4379068603971452876
18216, 15688574543788903685
100862, 1787158938184523809
50212, 6401940638590275340
56184, 14284381872800860150
74275, 18084852076509104642
89790, 7884809648636989271
21007, 16272895252426565898
27908, 3242655036321856623
23391, 15165109935219153867
6420, 7152065817820275310
86104, 15423104382049727994
44210, 9647547359665636743
56851, 13477651803631282778
112097, 6032256714977209541
68862, 917115150862055538
36462, 3910549928259759387
69116, 8916127249952396245
57791, 4042361722895782726
66234, 16869754785925967751
5088, 12631506592636953876
46744, 15870224090526167278
1494, 11179729030865393192
63610, 3451189806264945363
12664, 4511188588889156406
88207, 16551014932016341175
30277, 9636146429908726319
86668, 2822358899568030878
114977, 12714631994790234345
33832, 17832823854584226039
14492, 5095929601712748463
36252, 4067141253900807739
37216, 10517849905149596077
85382, 2863052313450135555
68788, 1960531467787737200
11512, 6669915888026645561
5798, 14142059585702162544
42286, 10811319455168767946
70080, 9055458387551168127
77029, 4689806524046898156
96457, 7144087828133473356
102894, 9612565762016215572
86548, 15304459832516154253
67089, 9504497966012932972
79618, 12665946775477599062
105778, 6675743310252658729
98606, 8251781388400309595
83378, 14019437767794951790
79570, 17710932830982720018
50368, 654234630263166790
105580, 16163572949788471086
45789, 17990155741215684842
53260, 4014345629143188741
108719, 258031826314258366
66636, 15864739122238681965
15576, 13825519719748481665
84246, 5540981363436426789
10196, 13644533295151844852
83893, 1951091998875557657
91152, 4218201780926724094
78487, 16811808620517086510
97602, 9953200727343646654
1338, 7252542505195147961
60208, 3964697300350387576
77809, 10634080749499987838
30747, 1541526486837215038
27944, 9680892194000137436
40784, 15297528136996506088
115268, 5010909863804070585
32867, 9668329029047429199
8840, 5203672930333379378
41084, 6409175592161561085
31815, 3370362961697140487
115764, 2694513302121412306
9784, 4540628424916352727
57584, 13366477136623715480
49993, 11043516854690751571
77671, 2291722067371574185
1736, 791469400890383862
90201, 8422321024750124188
30783, 12167253182514151883
28319, 821881723063540259
1449, 16471001859274144553
40249, 6777093519323640261
6970, 3459822497498173541
25095, 9185389736905826579
95334, 11758059590863205552
50930, 792551178328626549
18989, 357465248060197291
75824, 11284369177602455654
67948, 11529037322110687313
23343, 5824199646073626976
11240, 5546843551797727854
89773, 16788065884126655301
33036, 12210839299026626445
33002, 6680232640987164160
69972, 5983412832180014726
23495, 13471782877269686000
17884, 12223606628276260057
79107, 6654713773458566636
10480, 6597547550829830357
83885, 6974922137552031045
5358, 2772152657860156918
34406, 382556543952053428
64309, 13961386120882957246
17943, 8787040767396325710
10480, 8093933843162916494
75877, 5216801310106948524
22931, 15482411527709827973
79981, 964188938552374238
37191, 14355287531278546929
65615, 550439447897294616
69139, 16674625852601803056
69428, 7774659161039413246
63619, 12195591898048072128
35250, 4838132175628491362
48856, 743104387706243106
59463, 8037035914511846105
2602, 5072475134647166690
68057, 16057285728916658018
11988, 7995398350757969906
84271, 15264932306333836778
112009, 4768170210630748029
42415, 13247646668053531002
89623, 18241440062872552732
18172, 3426904057978839206
1085, 10003647596591936017
101029, 14945905145888019888
83008, 4563336913674188097
18657, 12839893054993260407
81174, 13928011258943159257
10710, 7699629333270772573
15155, 12557634839922125695
83969, 10698189667611786925
17434, 8545147595514305832
25956, 14140915635236881675
48808, 7279769267296522942
58315, 10348938904737070641
60100, 10955589842190998022
68270, 5419712911857718672
92176, 10969071915944271122
49264, 6689027843725033687
16503, 15434650120565714812
40302, 7327917356968173882
98605, 650177570980675888
99382, 2488196759423939786
15589, 12556301574727766958
12362, 14063187765827693354
15007, 12363317976756103253
2217, 8491399488476976027
52002, 7301400808009898355
112936, 9041668085259076282
95327, 9582745351171508384
36899, 9379433618424474654
48135, 6693766040550944721
70901, 1900216064098089378
26389, 1328732239727072691
29228, 13418087985827997041
114829, 8012957472045669371
394, 2793719440140484216
70106, 11454287530890368277
46912, 15263499418959909326
55664, 6629762019817475203
19166, 18006245111056846464
3847, 10547992363655527691
111423, 1606245266503018303
108451, 5410205116070743487
77402, 7371295301092991111
76881, 1128616314291766182
67850, 4910565206459070784
89926, 18065978041334203303
6579, 9404121107800313398
96560, 3200980658625686151
53766, 7468145511455712039
93501, 996187861061986707
85806, 2813107147238097496
2729, 16971200559663002500
65071, 12257370461213588069
86359, 4925156818069123094
22252, 9176371968034113032
105124, 7455860284425049926
71357, 4531177306487550494
59862, 14425629102170075315
66590, 2004055789643007726
69183, 4204476696988870033
1825, 13452285939893316854
4265, 14745910178037656252
55701, 9718858570530729532
91670, 13216618815969463742
74146, 6516026896615983878
30619, 6266882417703644691
40918, 12467262259780427170
114454, 17631155360044605421
60890, 12679397494920485119
55862, 1520375477256426795
24440, 6179164262794144875
53262, 7915074431023831377
105007, 9246809336303647292
18959, 8737629521919316639
9651, 18049537105768113831
108322, 6786610977638258788
78925, 15075722908266073175
1055, 14195158650860660888
97462, 3571739326056774890
70006, 3922192603978396640
77534, 16911745728909073793
58184, 10928680428528328484
53981, 4101058838966230746
97409, 14099814254777592107
64595, 15517361856776285181
25497, 6929232897385663542
92929, 6253759161471368284
110230, 17585131599566542835
57488, 2208049104202416114
44307, 7552835201158785406
33261, 17136963340507948226
71295, 2231820132037751878
42305, 1580572810819757234
109123, 1746754866673897764
66412, 287052764170912721
80333, 5901862342981267913
15794, 2832061685640920412
11706, 738084193353439469
19869, 1381481995328916616
66113, 17006250843193325910
100798, 5103970310096883804
26007, 9090114922278843025
112458, 18094272962568466010
4498, 7125622652988680014
60444, 5317499758616008206
25677, 15847076961349734638
40624, 6169216469818570861
65892, 16264887583354661935
96047, 17926798638090924688
70303, 2436370276465092775
59799, 5851045016900238521
89100, 10259330975256590444
37913, 1948731491047031072
89572, 6466761068486762137
15141, 7743610843724469327
34209, 6945224505569304178
33025, 13974767172817968169
35211, 5025158951508750870
32991, 4567286656947435078
72325, 13901492297214347189
108395, 3721883926467012562
9871, 12891395978927770034
36142, 10778840585031689586
100770, 9373308716566168096
14709, 6662758101550907617
31836, 4332657953791904651
38817, 6079014747581265527
37756, 4900785227888142011
52146, 16426530646880802493
59918, 9006056280999283936
62250, 16046983733560437029
109858, 13701330897210309095
56973, 4408026557108871006
98013, 9629440143766759916
104782, 3375466112138420742
36852, 16442303006201716148
45182, 16926204562376343553
50968, 16187538487032144044
57316, 2494040522442750324
71568, 6733997427400194191
36898, 12962455215289755808
30346, 4960186620334558091
62753, 12915102427428754144
32375, 13467173026570469051
22468, 15585748765029285653
102555, 16536311907171241425
26948, 15708561851369303203
48376, 6545096806364360796
105385, 2447630873408661963
99515, 12081815949192093883
113534, 2066835442334515073
40654, 13737472809094210123
51757, 5000118703497269542
62802, 14107637823008112747
15187, 9439763400248175219
44189, 7564064917766275586
40898, 2255952335391710244
39051, 4936031729612598908
1087, 3927818825945738490
92996, 16603250565226545357
39112, 4929845605563235351
69252, 5022433800492997414
39339, 15888933887402687420
73172, 13705189903621209966
39937, 12380489804913360566
85354, 1090181152114991557
86379, 9399856073107350193
89076, 17193106023878851888
15339, 1657067403858145327
82347, 11239612042596608956
2582, 3885538924811510954
82488, 2254552498149978693
82033, 5717057046340531739
41521, 3336964185647534361
28676, 3090646052257525418
84836, 17969080684586777495
45762, 16062668100177613774
15196, 5416755216343057106
90060, 17167887995082142926
4909, 18037700864173229679
99442, 1701677168834720193
12705, 3195505451280541392
77775, 6621100782801582102
51893, 8945064696898310974
28088, 1606718560574558969
20245, 3070002574312967426
17457, 12860889064311325716
64427, 13720621149587138707
1844, 12766941699700781374
45830, 15243688287391074452
57013, 17125298780001977443
90731, 11498863696242681657
45322, 4575883513307710158
97263, 6720385859315455421
38633, 273319417387607552
35765, 12351513469645488043
2019, 7562116229614086490
40436, 5789575521816707180
44539, 18200315166927018710
914, 5927230437348087314
30980, 16766612310617154558
103331, 6603445426275656496
25986, 10621779076218017132
89584, 7653228428736313959
8297, 4250763582591438110
91413, 4110099210365649766
38912, 15508454108906729829
69784, 2347378950709578145
13587, 4761087584998890643
48035, 14540932462265195985
33649, 386355260613650362
79680, 6373519671324533057
85102, 846338204940990497
25699, 14028252833265924230
89420, 17416071961874350893
69724, 16869552170073731161
76920, 2242900911943255449
91155, 11884449057665128941
92931, 6399163761408032389
72181, 18257390973678495861
41577, 3310807891202323531
15727, 11152746667651883515
54259, 19401495245788757
99372, 16514754654426191432
76089, 3883605419313458870
9804, 7490885745942760242
101978, 6685243142172663484
41356, 237929378237190206
83574, 6777692887442774261
46617, 4390639168136734095
16370, 841382096644839876
79556, 8973866894554009308
52155, 8949278500759902952
114118, 10390993313588463769
1044, 11382097273881437939
3143, 4807171970481666563
36975, 14486040364067567261
16143, 845269173871626586
14464, 16196368374010486329
114951, 9005776809727856425
78724, 4024237987038880099
90160, 13835651954886326621
99688, 17350059864925057254
61217, 5262259874121099181
24610, 10506668863133547063
34752, 3032849345602197045
50296, 8498179926801749276
11549, 17956842526029022242
65661, 17215942625411554663
70883, 15113826063997859690
113640, 10915567123616867481
14536, 645423697769904714
7986, 11368665784401014848
47740, 15535612477923691127
89982, 17184623088807634116
7734, 16627310310883154413
91048, 7695206561423460618
57950, 4450672602907471037
76713, 4251170670436018073
15264, 3383679328049872290
26220, 12969529339841311162
56122, 4785818464346699861
72011, 8920949043945121314
9822, 4368021395987818834
13838, 5105996251769713446
71086, 17282433840950528977
52016, 16206900184572305408
32071, 18186866535009358903
14379, 18318788371490861202
4415, 14427509832891153306
59347, 15892515041353549408
48114, 17578265410076106137
53784, 4140330614339634521
66984, 12692139017524917680
86429, 709811500818037482
4688, 6603345110276987225
23888, 249417722940756995
106207, 6915343457716844564
105072, 13276370039446003313
115037, 7870415429826946882
94600, 6808820785282232400
89707, 12375593379776557386
20166, 17902436159476061737
102414, 8009757334849885771
5793, 13227874670828915476
16477, 878893931150816324
92639, 5739399822224529878
49480, 11736936028751285873
4522, 14769143514347645592
7481, 11584601522522096438
2193, 14275543157922654229
61005, 13343941954410886201
21251, 13140358294378956970
12916, 5480051063781897655
72791, 3121689344531945120
9005, 5884779274635042567
99390, 5934642433677492374
97290, 11146511021920163813
109155, 12593942352903744815
114504, 2441745510217038762
8149, 10274729749289777354
40666, 6540403069993489086
59624, 14579344787197253790
12270, 17842287143931327317
85238, 2652938302580512451
78653, 17085906733840053405
19006, 12795166424773554208
42417, 5294918418221802250
39192, 16551583846519295838
82638, 11883503987219295233
101701, 1232180673439545135
77647, 751484686205810164
91721, 10213551024005546315
112027, 10723761998977747771
109336, 3373350286627351347
27235, 6794734740762185006
100673, 13614069161894021484
57138, 5440102835638671805
93397, 9232429795132380971
24837, 5636651827851363918
25318, 1578754964249449684
76995, 10407090553379030673
53677, 8722430947125736660
104052, 18291728698803049733
88557, 6956658001848213008
17250, 9699154083967436280
109722, 10906016533357362883
7430, 10346278496637282559
46011, 7567472247131687629
87419, 4980980962246787592
66858, 3756128700658270897
82460, 14312943667611145204
7010, 18012467988318972379
59904, 17239005785317453205
19786, 5945517144566675282
105154, 7664822504348685604
74305, 7930273205238903994
13384, 4358823843881807318
3761, 641521628390346021
33996, 11432411562735206151
38035, 5544002263032771518
7334, 2454187809875098002
23322, 17049333459178498837
79523, 15943509043418173945
36527, 14730691487258416088
8286, 7594011308445460873
99691, 17625796324137545968
112606, 6754381030771976182
97845, 5421268854720734933
20617, 13623487132171085997
66764, 13630480275243507904
29915, 16695797005320543169
53260, 15291843546906373888
83903, 17838161810629219209
37717, 16532577611486074819
40563, 12034106533727446562
109243, 10892025671637848933
42500, 979132037453170624
77313, 10901343127961716829
56641, 12105113594270183710
14010, 18351284255533930996
5647, 7414642697131973805
16023, 1781560700101570334
55011, 11789513994042051392
110610, 10869368285676753510
74620, 11730109580258501042
77692, 16159893689693348789
10336, 1010243165489940598
91142, 7668094665420909660
85718, 16753106585840943397
28159, 5323185153952777405
98979, 14127074727508775783
72170, 10469920107997926174
101311, 14253164920365960188
52759, 14290042847997287386
5944, 12502442553573997367
81768, 9782755961397831093
110464, 612273313973852832
5888, 10626759233147400773
64153, 17926819523949745816
103261, 11270143775417502351
13186, 14395795853760791972
20752, 11046066002591851680
27881, 10573117850354050332
77174, 1710666148607512171
44939, 3123925724882714815
64900, 895432146514115654
81351, 16410382059249026099
20531, 13806142903824786382
95013, 15678008585868343644
45850, 17823266599810926819
27590, 4724477248201213194
31228, 6060203750322073432
20356, 688091991487426644
32708, 13329865003447431051
113797, 7653788588297784572
107825, 8041808517689682792
88624, 9763342307777159577
72582, 7582920598330247673
43754, 14383469212944552264
7506, 7521938448939861046
57210, 14694905124020463976
109388, 15670057974109886722
26465, 11702536343340490673
89787, 1655480153374258837
43484, 3876896918830327544
12814, 729040059928924080
7515, 8689765019270536028
78719, 443099113174158949
6828, 10763811267590802167
50756, 11694320516141802356
62638, 3398823999497138151
31977, 12365606365168701321
91119, 611053345532630705
111933, 3454511494632193985
62601, 12562143358421395121
30095, 16266298733244717161
26493, 17908527634946262944
25884, 2613449588149909703
93867, 10850453032520217082
56343, 10891653494234505925
72396, 729163550307408802
113704, 5418345139836114669
71969, 13649579116830928262
40892, 13740338356335707321
17333, 13285498236194207403
63738, 11931001754052474516
59814, 10000243344061709410
13746, 1560199847847282730
54646, 8587193272506853216
413, 11786134085406663054
19509, 12784737370616654719
25081, 17026249604909240980
51063, 16035391985031509775
99393, 4556179011473526380
84968, 4135070167663953187
5500, 3723412213482290631
13180, 7014799830275075240
41045, 14816599849225878399
42279, 4707450309623724232
102401, 3372965591953892773
8897, 15802793023711359646
107563, 1912172014666127577
99273, 15843570390962284683
62078, 4634196561245929489
64838, 4827638657291637395
35314, 15132186265506188377
92378, 6664421409813147174
40196, 4371674478777621691
2478, 13901005198826179123
39887, 4241997348504987967
55671, 8358017357288459723
9965, 3959811880409082476
20659, 11779271306520196266
103707, 11127930770030853778
39571, 17270960262675749948
42875, 9233047426637410507
3604, 7301504535385869089
14909, 5603905308294513627
42211, 6018198086400146638
41553, 6165233694181102365
51306, 8212977251940169491
409, 15866349471270076067
36625, 10749863743641589735
67891, 9075229455856097798
30672, 11326348330198187925
27313, 17084487017554189218
40379, 3241938573156133941
6932, 11236708424659318340
16447, 14033831392035278176
69261, 16368538483858188885
87394, 12495807556022116154
84199, 6399896454052862392
68571, 3770686203704933155
14172, 5112593051265291160
5201, 16930548672009916003
47820, 14087665025812815955
47835, 10677052821796259324
61078, 7264544895602554654
1312, 13917082481343820778
97049, 15392192800335422322
114573, 2636302785329305302
50493, 17905245772425102623
4004, 11851544618581509565
60033, 17493176301422562072
23435, 13141589249537053933
18844, 5556223687807072923
74158, 1923857733557314636
230, 4145396319204914063
59363, 5178550643422240036
46857, 12085525024516423696
94559, 2685724928613665936
80391, 2251570051569519052
109970, 17718591985858326765
5694, 10444492983162894825
109182, 5691054628251391783
28095, 9561284068471036679
97006, 10814329589640509885
48179, 6013838263621598251
60709, 8883190229144038949
48551, 10079804439421364024
9062, 7215669787697691548
82751, 16287452927649044890
4840, 8367955302028461226
95685, 18137760254862583901
60596, 16146413047988838977
83515, 6522681944191901803
104140, 17782560464162985810
38718, 9399336111507313251
41877, 1559296997285628179
4408, 4931681311558717744
101616, 14643212953975013417
25905, 15944956476017067408
12916, 10183516782409805629
26099, 728635770483956827
106038, 10246822971038837909
1259, 6846565958474093246
1734, 8108798095007648561
18045, 16443927975937756454
84086, 12509238905102159105
64323, 15461968810406360863
77780, 6810962193171006199
50400, 6106381857824397753
18676, 7931360569084972341
58618, 11079030560548917724
24319, 1609782839741831476
11005, 12553256736804360573
58039, 1857374495865284424
13867, 3693134010977089942
65465, 8784022160298971487
66192, 12519155879554278113
60608, 585828874396877402
113738, 16846910522126551102
71132, 5114887202205137739
113745, 13204872381196714511
87945, 13684857162979988447
70113, 7652434611317542301
71346, 1901213461441392858
32702, 13250023534940072131
20557, 16292395801280839486
87330, 2242463189235862198
80466, 8990436876465756522
69244, 4744926820340789972
39173, 13109019108700509438
14417, 2122908300772637314
11862, 4175405228329154023
56626, 9539403881795382989
3512, 8758243190936065897
32514, 6977853787550292267
5564, 6772615604859844908
92976, 4675364557992467158
111035, 8072356265476301359
113584, 4456835202714366661
111910, 8958055109373618817
21514, 7577785366358320038
49471, 10826638413500179029
25265, 1897967412392499217
23628, 1367811275209139432
43280, 9750600995755374555
31511, 10098378695376459964
111005, 14740680602295494698
62223, 17187723891861151061
16121, 7698294843310566005
108987, 17900517537971193180
7893, 12522376372499711768
2764, 11494607600484244365
96588, 5459204790653525109
109700, 10791801570303474521
55191, 17292826865562298853
40488, 4297436595267736605
50754, 8162770360583287750
40463, 4306257862407370999
79659, 2856289212773717360
47762, 15737322755570737055
112985, 15259525616825064609
59975, 592656396646733658
113339, 10692192540786876101
56102, 6435214679015300402
114451, 3207499449372763139
88285, 3587457058841508538
75968, 1754999606045846213
3061, 14788725216081031492
39051, 9081671968184692985
59800, 10987604296923654193
54468, 6703768055135948582
108473, 1713378970488518002
93800, 3529449343282901296
110340, 16526584804019225438
20600, 5496675120850520407
37073, 2903092173828324882
112806, 16976150315945941744
83128, 10775389751395006346
91419, 15952193610173608489
59624, 14253998531046307161
20228, 10434122642212126956
31409, 3693098641157072813
75884, 5446348414553228567
100886, 12770068410152989330
113530, 5059115356001046045
20493, 3239482290782537920
66711, 5568107297965998892
111563, 634894821734310976
24261, 17471923252300264258
108764, 4061243155400644733
75094, 5229503730987589155
101027, 10617330100206071591
69409, 6531346287141600088
42883, 16117151735153859295
6213, 11033200135457366563
57564, 3239105865885768639
104389, 12770381473736107438
69283, 9526627850838476740
38595, 11943118526935301567
38616, 10023818648237066111
54372, 3024166828486056898
85529, 13516569384177378728
41621, 8476192427349276972
44534, 11052379799617622811
80865, 11019785677903049910
16169, 4976945417553249335
57296, 5582966175789415663
61919, 11384617472695095825
11218, 15014057862931290908
10552, 9406628216439373845
61063, 1077353280611926838
99728, 11760335351128153179
41587, 9309275923590281327
115747, 7065902082782406789
96286, 3931615332968901538
56258, 11805673920951859675
106249, 8875366796925031638
73041, 13368334591491997641
6563, 2061470235527636372
57038, 17285084192352420645
55498, 15737610513366808171
107644, 352451589092955229
25858, 7481607311135706203
113756, 15922536864999364837
82434, 6194902453951105812
7959, 6492827282189362114
19231, 14639131280235044619
112191, 16155848723984212228
103612, 5682115554700951740
27333, 7092190419851878642
109624, 7697840296439007866
14191, 7565108729210479211
84235, 7857864936348531589
115599, 3930365066239510823
81142, 9386568400126173569
84657, 3104160389595277133
37078, 10930666227350258406
75770, 7559660183657850159
16832, 1566850626007281662
90173, 5185228762325426042
25039, 16620414906997173914
69983, 2451099383211749921
3225, 1380046748383084207
70131, 7440176608234889763
22328, 15810277181183195140
98695, 13292788188982383411
100245, 15945125725994733607
6911, 5468261268477144883
66694, 514027161918241170
87600, 18313969467995722528
101384, 2136614283202973149
93286, 11895090668225507724
52411, 15138144636049966915
107489, 10366928502383264503
88381, 4530642724913260865
104126, 1179595870010077716
111315, 12727512575801648605
5363, 12339568361678760849
60127, 3087015041880383441
80169, 10028808071882643714
41712, 13877753154006517493
36602, 16597922380539467172
60406, 1311207722159143697
99771, 8311914293071303408
57315, 12205746906916590270
20592, 89579950230895138
40961, 11385847316500410121
14374, 10291951842093570402
39740, 16497210092303296060
12070, 13180340449717575445
40560, 1686721199571470047
5001, 13389777670717564465
49892, 3766707560231063714
28265, 11985314147636804837
95172, 1093996731283921388
101208, 10583458188559692626
59572, 12541851780040409989
87734, 13382423095885909961
11572, 8488961083205591045
11618, 10972455794798712866
39375, 1958919854251568085
107780, 5657525292948073382
16655, 7427149047981163641
87320, 18435671016784467833
56458, 8088481422067765637
23946, 2602489627436523438
43087, 782017998060021142
75612, 13093582352225881769
88143, 8414117865131141904
75900, 1968569580282010460
80914, 8226781422613608756
100876, 6573106278783747107
63353, 13156909949235654074
74867, 9837185670145802271
63478, 5455073595334460512
63600, 7911570349242654854
40536, 4828586914087157797
92464, 4589249633212732405
73832, 6983308363860240829
98978, 18348566962408738644
67233, 11588719851498419478
2179, 5526706028531751898
93640, 14718662120766335311
47988, 7111176009671675445
5522, 5134652683542788819
40206, 14729529233518600188
7378, 4453277896030197794
60286, 11340989462810443382
66834, 5189608808894255209
66915, 97842706417635063
82902, 12888391046284374992
90363, 3451484445471252648
11344, 14870429504396817495
11660, 6035715502679918421
16526, 13769858904117571329
95461, 3720381744249620359
57769, 10028405667577037325
92088, 15267998995753953268
62841, 7829843007567280791
59150, 11126051590845232063
96557, 2981750492416434605
71783, 17609915924804799739
88755, 12284415649854160361
111379, 17317803714392588996
20722, 9588260249076282239
5301, 13989606704663933000
44283, 10523227525910448930
93248, 1701622878053425810
72560, 11230247054238897148
86575, 15885407898962952825
95868, 1610495934666415286
15413, 1272290127463436340
62978, 16924275701242484909
78368, 3262368357446846703
72085, 2495063052876998467
96525, 11748550462477670782
10173, 17214186803581211825
76764, 1403579218734349963
27613, 5418561257716989567
41776, 14684668289200198552
80872, 8463868297319929481
28031, 17809035168616948768
103323, 9965502037615263568
97623, 2904292148724481014
103039, 9896281394610210254
39854, 17901271297060320511
51455, 12796030226240957063
41639, 2679344504444555524
15102, 9652408766815412851
69112, 6225772649765274996
79136, 7814159182444594664
105570, 18377041503661574012
40585, 17272694541871133738
27937, 3606372980364779169
70776, 247707806749047117
97793, 11875951443837092592
103859, 6474670693115381335
83999, 13853601302241288361
86342, 6673662588830942994
58722, 2839334013247736463
21295, 8202109869074841953
89433, 14149137536379820783
25859, 2018618935157707688
23330, 178108901622858755
5424, 10750763800306470533
22162, 1151275841987076508
88319, 729945393950831727
26564, 12178180899796579390
53359, 10973581248185003084
84448, 7425642163174086237
72074, 1037731440303613767
43688, 16488484691446672137
110886, 5771482336369925667
30177, 8455587550165714364
96997, 14274803867526557318
45981, 6082050815493030933
36524, 4975224700208308317
108961, 1062797764220675171
95462, 4276406218317684269
106054, 120980723718460844
64328, 8707872360343018847
98053, 18110720878368764031
85045, 14959603086182427383
18846, 13438370521250635988
107317, 5082459746738151215
59181, 17450526569005617148
48129, 12973239989327447690
16695, 2895376468018569416
60154, 4332231854628789019
95721, 16475845670101012658
108907, 17643201550604897677
86582, 5282399509822451378
6583, 15390396426047759760
44647, 15082672609118263193
20633, 6101793232247221864
61220, 15300407581330736982
23964, 11513732099485660682
25621, 15334973114647549348
91275, 1306810863641022348
112461, 9038847010390663847
99630, 6561154524022411429
20750, 15830695999568089731
66238, 1728679686580457594
107230, 8362721773540844511
22003, 2051023205627621236
52626, 14306496940363371702
114286, 11412561000267777592
83293, 11128900120862704629
90330, 14619594935999387824
87510, 12118043132281888796
48263, 24930799830606029
26009, 15033714107683441015
69060, 891201984258602179
37427, 1203696210894976768
70835, 1924806239059720161
4254, 1748420554596833313
1244, 7034160466215775071
17679, 10737927724485280747
72141, 6398628198129788838
15198, 5431667341698710708
78378, 5398175660119624703
39810, 2902249054524582340
65446, 15062611663625565019
114120, 12320636233004255434
83158, 14622345245567542911
8722, 17436348851598624675
86047, 4363978912769606661
75144, 6498711740502972231
4627, 1040445349407733638
8595, 9933025906514351410
69983, 2111081314094430233
13858, 9227662286450443730
7935, 3202663609755679677
88601, 13002438956602962342
100664, 16761240423170624163
69875, 13761864733937519210
90120, 4152460392597472689
30459, 12759371291318222937
99289, 11175214277937685115
75016, 10530758848443930194
64841, 12363028199663245256
19438, 712095546545678575
31164, 4388329196622640633
55492, 15989254619941026511
87798, 9368932216307457334
60049, 6043788990499544343
92918, 16609313347277868227
22410, 6725264086772887257
32666, 8564354493077282458
88744, 2596163077021245792
20624, 13421689065945634806
114275, 13897358816764265525
58731, 7791209341691657154
91685, 4132504205411687516
95188, 12021953253059020730
65661, 18001379548438738992
23714, 11822093526942191255
68970, 5916128861147073253
114370, 15532618875588735304
44735, 16044823677406836582
92464, 17042400610130418875
34436, 6581550927136312605
48191, 3500821233128529150
79099, 10207829083891325496
71078, 13251799549053006963
37795, 17672168162561913006
115070, 9156638130058443702
68588, 168645503839843103
58522, 6749197275354234260
31218, 16837312923625310244
22125, 887868400892111170
19519, 17066586391723004396
37420, 5007223142091589564
12064, 6771786354263964934
1073, 11028753645805891796
108296, 17021680795502418600
24759, 8795890342463413625
102845, 11276477880411747932
88383, 378318964760998115
51645, 11943215294311369059
24164, 14313866994500405472
35355, 638261741003974738
110652, 12690677418024836029
48917, 11951059011543065371
13484, 2723211996628739204
70250, 11298700709234225299
94182, 9686920475328003579
113435, 14402109605667111320
87059, 1490605150096632558
105106, 12096336575248651914
99370, 7971473835322223150
7055, 6207524170863061796
27892, 4913649116770718981
68336, 14244797317579731303
54261, 17800100065346324245
1175, 11040418763153040760
38913, 2911959600000511839
47465, 17693135013646042883
57815, 13217866297089868559
70800, 10691219985695212669
55128, 3650276160254425958
33514, 17397955148497278268
44572, 9563160851082141263
33689, 1816078547552811788
42981, 1659935253533995114
61270, 4983368074362022863
47913, 4374632976198926112
69245, 18260218662305089966
57908, 11722774804828272296
90086, 2210707958864463694
98546, 573708533060035325
64221, 7669410162464717417
1638, 10413843902562137912
61421, 12337307402956287217
88538, 17802809765090584800
30073, 1360010410693854298
17413, 11163435308423430591
36789, 5642985305704080389
36112, 13526172109936722884
66277, 3414570833767136624
21616, 5643385770478431099
74805, 2743439779455724629
56804, 13863135905934876789
106893, 11962369402020140824
104768, 13475975400144837288
82931, 573576588513129295
27620, 16412064224462041356
46774, 14191701139150123539
22368, 610933293726287559
88604, 17578738636010780621
38143, 6974519453620318561
65491, 14200780436595388681
15944, 9709701119134076264
78141, 9638653192879819837
112821, 8705860677668689754
49451, 11726201877050208927
29100, 16809715939262075962
96300, 2271670454263397562
6564, 11850644489778064220
114775, 4063313262473020678
46885, 14108375546479707671
10925, 4399472032722765582
72684, 4261384948341827549
47416, 13365186270187052533
52400, 6250792497639862531
28928, 15063450166522537153
74344, 1144937124575186760
48958, 17317347519512512410
37152, 16563461196517259286
98031, 6957094537499538520
74154, 6243069082617454654
11002, 4967872129538480615
24109, 13194454428180860849
39791, 1168305635529518930
19844, 15104087392553022537
93787, 3490805966770063243
17127, 9942449860018837619
84198, 8711332988534531225
96122, 14306128527323965499
15489, 3470612190390915122
22195, 16665806625321124095
88302, 14141853116000092314
99513, 11735950379047420974
34930, 15411401747166877991
75296, 7767435025730455943
23126, 2368285152509873832
88444, 11185448335164703220
4105, 1829028772953346488
2701, 10700230773167374061
34397, 186927324193502695
54654, 153216340126637936
3167, 12574642046318929440
85128, 11957554341855816151
72169, 10769609677811896170
67829, 3000031170422029432
101120, 3083282162556546880
67457, 5471789496417985142
67310, 17087587807817144404
79104, 10705254180882955692
77161, 11501638544153325756
103126, 16592373780533838315
104764, 14933962539783629593
36877, 6825239274353381124
25453, 9231430065092893726
75358, 1786319035403635700
35949, 16835559200344962526
27847, 13646291396466232535
104799, 11687999433829674807
112054, 17091093062127100272
100110, 15303409179832435822
48149, 1073160406880470458
14292, 2586831799325726783
71655, 11335671829711052679
60327, 15244976517445727728
8656, 1116629978093881138
81065, 10738087970592489119
74850, 5141179342133949676
101679, 9326742503863288412
53904, 4084588111971547862
31722, 18353045617927709280
9137, 18266584860608875775
33701, 13820606602325980348
94487, 13206217850580316919
23976, 6388888706742373044
68897, 8419475699284203037
83134, 6507495930820712008
27084, 12063905141639144349
109389, 1480062051230249632
608, 11960997781998989805
65501, 5734066651101759295
61505, 16759669983720235336
59164, 16043624930649217926
82481, 17315367695671549944
52566, 8230088847244141290
23692, 10180614155130986998
62947, 6507199257772588703
8806, 2077779874286568930
102488, 15369716025735052996
33124, 11757752554415159993
17709, 10385771766870814212
42877, 5047909439577811294
108587, 3637034849583641795
75841, 8771396372359063810
37940, 8113053650909576884
32329, 5111942910695582739
21584, 5846274808909529305
78325, 7585259733640201349
96198, 15618592714464062270
85844, 9978439944540157429
81504, 16845805183400461454
43446, 4398674240174755130
45048, 10857240239944200195
60379, 10422481366205591256
88243, 6168534174761617654
108877, 7784348681347600934
31313, 4938171934385662542
6003, 4847950957778245284
14709, 912850248874161814
53118, 1384829997391991301
15754, 4806807960461407289
80117, 10175170735310420137
54494, 6076940664635705128
55470, 1802239056611347506
105418, 8997095898091042231
9552, 1446560501196782428
30600, 13777205627609685360
101103, 2042217538032491934
83095, 16250192489320966343
55938, 2299391017647845936
82359, 9003240940147791833
103987, 16501195836553564584
53568, 11385340110664257719
62260, 16756833509490017851
97491, 11777426844165608075
35057, 10900704492213812276
95309, 8014856027825064490
52980, 14144588758542466213
41413, 3473304792766416403
18363, 17180379079274972097
61147, 13144462262162486432
15256, 5321648732208765921
102957, 3521569679851705083
49639, 15034234360094784164
86143, 16442066945654871053
478, 13562024771906266953
57074, 15885834807811444641
79969, 11545104206141869876
76100, 10776009045593119887
54937, 6431675431466973501
48905, 13604232782994377013
527, 1189687205326687844
77594, 17121473529547088821
37151, 114863585436697244
73218, 1372273913783578133
100812, 2922156600026406899
107351, 11263425764061668626
558, 2534636810767469024
49895, 14917472236600926778
87361, 14616026232484877747
79615, 17763364797129055684
82510, 13167153268309747159
64006, 12653913825964137706
106138, 2359703669746976394
67721, 2015625977500528771
102646, 15682398998978647749
63938, 12041732972154597885
68093, 7004774248441505842
54979, 4456264783717042260
17605, 1265003689720228746
86397, 1786674278679224982
33863, 9178387525231804015
34961, 11883139705137421971
58424, 4771299611221171896
68770, 16557635254673452744
49864, 9484555809658327240
17715, 5113691922132071640
98902, 18193014706681335667
98628, 9324390489565988662
110232, 6712193008916825621
69276, 9949402059961164809
58268, 13963493140023295857
91906, 14662118537363046417
113641, 12522912258665775999
87183, 10194961277866678222
94405, 16139100016572616845
110087, 2401412487246199159
59559, 10212967778854648270
38491, 2676188665874486162
33634, 8591867357393053144
87694, 17496257427810537074
105969, 2564192862878502258
60407, 9035200636256029594
91717, 594592571434422453
30335, 4590941138692554105
111085, 15078688445661079912
8299, 262831094571379787
2921, 15691866450732165591
37976, 2853146842285154136
82589, 9901794060654706188
52834, 3204484643075060333
13520, 10189427352077465687
50984, 3986488807774373941
3177, 13270625145944074351
93095, 2370472989887625206
20502, 4565677079718484449
18731, 1409432205494626361
23110, 18350044326859592269
85172, 3914202505861037476
88440, 15406927756369533564
105916, 17210827687722597050
77038, 5693846045093787663
5411, 16129907605053104313
92875, 11231341385977672163
110755, 15373277388941033369
37222, 11065610402306632227
109234, 14467101693194263330
86109, 8234102301291973893
114015, 9469752669120934709
17910, 13856388475421846338
80324, 10987391868558011506
81410, 9409363031740524263
95571, 17875626609842987419
39718, 14772586440805208061
115062, 9836756623035441734
91535, 4649332443837723351
89838, 10721691655834250668
6312, 16113454852699342505
95963, 12138843985635736168
14862, 727418990451004096
2747, 12009599803103654919
66155, 3397964413814368978
21733, 15550475469907276359
63543, 997479915715822811
93852, 3949614208909897266
58072, 16220187936675533116
30627, 2597120829734918889
83250, 14205644867860753045
61857, 11236764802418885527
91074, 10000670187910479756
91699, 12758321141542052779
80874, 12192134434933923011
34717, 2678159935932927051
52445, 18343879891116900423
36133, 16486550924750679557
27431, 16388001625457485061
107880, 5566056990516262024
16822, 4072177213735565090
42302, 11947601765449776786
56839, 9729826571547689271
36479, 3644136624569313058
103928, 16556296192050015435
100001, 7293782853010747740
56637, 18292906675128679307
87613, 4834041902044419250
103827, 10434769605439596895
100728, 13470688019505754686
81467, 17739287200028364015
4323, 14526820634726330052
35914, 9671612354388682535
13428, 14606483322193681601
51510, 6116905007229994075
38889, 10612011894262800858
41542, 6228687313114874853
109528, 12185195349662832078
67045, 1371379788676414100
75413, 6761263300789302284
31138, 11614220501724226709
109592, 869471545998248197
10457, 18079281323331250156
42538, 12333837282249657539
94943, 3068854446425292507
29083, 14047395182552139586
77033, 16574034247973090928
34253, 11310792018208477909
47718, 17337510613285829769
103540, 4904912303055848482
57935, 17139539188171902153
41589, 17805033922291508676
85989, 1981150036590050669
32805, 5561950031550890243
2913, 10759082434992394622
23399, 5178843746363815117
112156, 1219499416993998725
25601, 13132682651172868069
58032, 4075027183079689196
68056, 4694397006728714815
64830, 16173875979885876326
98232, 16972648213094865544
111032, 11452983014432428922
38056, 10425055955843090743
29216, 12611909684002915157
46146, 12627812787962788168
1976, 10216613147591558718
17985, 11554439544997667737
31360, 10304971432787911100
107278, 3330196628004156087
2411, 17162222411614571112
54017, 6201555934546463187
97688, 9964074708020720199
14231, 3257436225605370529
22135, 9238192067705906711
83378, 10282771142980759491
20788, 1355068160215298687
70058, 6789372920669100203
7283, 7161582849534637377
62387, 2047048576314723244
22608, 13061209304957450999
36992, 6387203285412519162
96137, 2540589074997553751
83125, 11284144316339771430
17462, 5952815008158267715
33790, 10210504384206074287
65945, 3323727549535576001
77606, 15996269180198386596
53563, 16190884234201534643
105763, 2705609269469661892
56963, 9394393724617053890
82214, 4098291979993428351
59618, 5413325148707037320
42782, 17375043766215068998
96812, 5475697272868767231
109263, 5973788568060752748
75861, 16336089724880226588
78162, 555875805190840314
64151, 8522027687889313967
79111, 6131184232634268760
113577, 11210328694348802844
24966, 17253507343157281944
80260, 479267147642645424
25194, 8206403453692855929
19428, 17625812757053615966
69312, 16600739091585042307
78327, 17331605156602174336
95497, 8486971231914114632
9823, 3038176023197723665
70589, 13338716237686887181
54745, 16732532768606309528
45595, 11178830964960874675
24793, 6192676259651601189
61501, 5097759553309725049
91666, 14844596069384938069
17232, 8377119181147810373
100917, 2500741088786935880
50607, 8080052701219093009
104351, 10789732558445156531
108166, 553459812659628988
111118, 12090970965589891059
82309, 4788088644857143830
64416, 4990313185354993118
25016, 9240327712290301714
95724, 4521063209719819968
86049, 1565420392110031269
16833, 15030412847036552367
89277, 6834061804480372971
18082, 9892439162950146863
56061, 1254887318080311650
76253, 8832524722370928877
108747, 13896313589749943880
96493, 4071472148456789993
46995, 3452682777329061613
69166, 6602208920401935519
72270, 1604641303549066816
46401, 8265506538039341264
10208, 4853485709609369183
75430, 18106737100686801054
73719, 4284876397078017825
56616, 11288589885546902300
79943, 2112488490457159631
106340, 10837342107199338620
50957, 3686263708671775691
44417, 3950402669366853822
60034, 13704595609674830573
70303, 14675607026500909077
21602, 5008047827534213044
47700, 12644079191011951184
24638, 9469290562237095605
96515, 16316239432831075024
86026, 8016889575033600558
14662, 12558649620927024217
31252, 9009032167025545141
60860, 5184805815507814563
96989, 3270412772745428366
112606, 15669042294072576807
18180, 2534894239744833495
113655, 10973261688772999883
93933, 10630192613441919076
44948, 4625475308188031047
63417, 12685596774788583021
91418, 14314959454817889803
11286, 8498880787104708222
42646, 17183230282600872856
50464, 13781361831420397426
98238, 3917416862985933483
112551, 4872880356267533550
73230, 11703211608438525929
29783, 16493268140713421212
34557, 17492553382928858070
26187, 9172258940667868766
85905, 7733861532627796083
85295, 4820060901115650142
31704, 3908336447691905564
17749, 16083626456616535042
107522, 12131949224090036479
76622, 13944721984366410417
47014, 14344917067817719538
35072, 16909197169569887594
111544, 7538499582118134766
17607, 14390091718617684793
75248, 9421946719231559690
53776, 9529221148106294505
71056, 12174655383088965976
22709, 1395326036844601019
49920, 17918920940259621331
14639, 9931681431363404256
4963, 3156375177588169320
62923, 9675966584291936689
110715, 13193051605335316438
47232, 5009004030092578141
78033, 8297847524395037435
92563, 5811530201351836421
27860, 11082722781443503512
81077, 17749897148035863684
37906, 5895849497444280849
68763, 14229176624561684125
112003, 8199058067267066920
36680, 14860953502814819392
1074, 17767147149743474630
43156, 3090724309777476699
30926, 12210573314130694221
100730, 1850895065699900474
108995, 17152736533775914571
88136, 7654042454901751644
90994, 1933457294414945214
62524, 2121624963369303666
43746, 15630479883401158344
31321, 5409982430195196144
69157, 15285735700273279997
88455, 7120589602339913884
55661, 3741332706310715151
64548, 1446122008555766678
82816, 14869980098572512388
26989, 8991272216148226842
30593, 17662770700716787892
84250, 5514745816805920222
17940, 6522387267821893658
95964, 1184368315933913123
27288, 3993733274667363854
50006, 18028017099778499047
25391, 5468760940700085193
14317, 7352162897044005913
16795, 14580699966781737536
2910, 762073361158953328
38378, 4346915637612273142
85238, 2874355038976168659
76485, 17824919872351090632
96928, 311280424660674364
98698, 16850023656186057730
50047, 5406381028190359696
73044, 18244993188415178829
77623, 14356462864865830425
32553, 18237781121171432513
69507, 9811746793572196833
14538, 2197954024245036067
13894, 685165819811673943
73114, 4119632609277546012
28708, 8774425070897261589
4471, 1614681979400582520
108752, 5425611388104052068
24332, 11402860418001651188
72571, 10591343535603517106
7018, 14209506721443958722
50352, 2219383930223935144
1559, 11169281658154820720
61187, 1390346557551087005
21201, 14672167235913541283
58855, 4769602354037735014
37206, 9957456383339358097
18117, 8749052028893765163
4024, 3327900399433302026
10627, 13973807301007684456
5823, 1466982953449918292
75105, 1768961396765183719
5434, 11142843616974275487
61552, 16737132469566867782
8988, 2088490387319056711
51764, 850847963261602622
17984, 2521667587017642974
47411, 7077891011618644732
26984, 3082907314794700632
115305, 13984182284626912542
36806, 16093303085412802964
98152, 4164846987664050785
84990, 2583489282794517480
183, 10299045816248213437
97499, 13293376382997909780
36113, 12833797043886711020
69417, 7883309958779682513
70275, 15479162290991432606
109530, 15380140299813738040
37690, 6639692157375036970
53848, 4603681542247715661
43497, 17349401981160927871
2921, 5512795772931275210
35843, 12980047237138695888
3989, 17448113724153058732
26350, 2603438829754192664
44955, 10363682606262708969
94102, 5808266917991967645
75775, 11455890832151061873
103286, 17110538953919322260
113559, 4731748560244833200
44157, 904599017875899634
12119, 10319147005562491799
92012, 10418379863881890599
47021, 6344679987768468041
42802, 17085254047339097573
62905, 14353077886014881322
66091, 15945497212324148021
5592, 17987927326952399920
7264, 4305022981561694264
25791, 7755235759106344548
1773, 11041294208370740940
80727, 13368664119994879976
2298, 4239197370872943955
102558, 931082475344146772
90837, 5254058738993681361
90027, 2449081378193606452
93975, 1885427117117148087
100510, 2537738323634283307
69079, 14957522384529880032
67003, 10717002871293093805
2613, 14482135367499801550
22627, 2721713663049702181
75448, 8117872255709185352
3823, 9072233716041215448
62153, 11689377248689656123
111313, 15598666454418055552
79815, 8602472134584705958
17742, 15283221386946839942
67886, 9506600634819629933
39180, 13083220761273048710
79325, 1997214213678411145
101000, 9603916477212181955
28598, 3213053048164897954
79500, 6586078044247926639
49390, 17660293617079017826
78703, 10140195828656305801
29298, 5148567437887700874
74055, 10770384407305738597
16422, 4838343755573131230
89463, 3613935856425496467
98503, 7105162024727590901
63287, 3060272721409532317
66862, 10632773361755771259
66976, 12052203262615282624
84481, 2488795300884655592
75339, 13368342085520367686
100921, 8508209247844694942
99457, 17356725909352480484
5075, 15323265868705505008
8626, 7405810334317971086
45283, 1966175066155986603
79681, 10133394622680578383
46253, 7215161016372885597
73353, 9848359926181711055
11290, 3384707344739393653
110276, 6873430762342924327
98606, 1909356828735061008
95675, 10811440592046197097
80045, 3826866494965159117
76990, 2382289197776163992
71519, 13739228391064907907
57641, 12547430685450428141
38556, 6589809193781111438
32721, 6981351418254387650
95481, 15478540090111322616
105942, 18327400193044915426
37870, 15641074854873820127
40873, 2071307809992120326
49056, 1750737513518251676
89314, 13145494827013008551
73351, 9552031293918131066
89926, 11118362520754035870
62751, 6593867701101130942
78532, 1979984240915678438
94050, 13672873659895613362
48309, 13786765736563749035
90804, 11046869868776317298
81572, 13305261459560736492
108913, 1012595946318015334
82526, 8130169201010033994
101177, 15585952357309113941
43204, 7043025926454585587
109872, 6254332787894430463
29133, 15098493774904343394
29369, 8736263802296254451
100266, 1601597481898433463
78672, 15134166029801307327
16877, 3011485221739427999
89677, 13859692720134340042
81279, 5217302104733990006
97871, 4952630950714589003
107375, 12459785551386076779
27456, 4886856701980815890
64545, 2635267138507035998
67301, 11876660472839765781
47058, 9749963835492115334
106134, 6842578235385949721
93391, 918130037285315311
13648, 9194366596822841519
29746, 15182765155934396541
68346, 9861575069789326661
34633, 5457055344951856775
73020, 16332355489197228417
53242, 3461193861010637450
90344, 17077600594240697322
2372, 9566789972221332452
78308, 8292459487751483083
7288, 14766229732612079055
19118, 330093556345000110
49483, 9628601071876485365
1229, 8006793802179417705
19392, 7300223823976031463
28820, 15734058526108035241
69874, 15613116438765377779
26566, 8323062012952185541
77980, 7114837753194077574
126, 13634875332707755708
72600, 2941701596561878456
85883, 16940118366822932931
50189, 1464826076101721088
112081, 4550854830434037468
39248, 3640398902266766582
114412, 13362751766825754885
34133, 7583697160360983511
82884, 10591034841541488686
80459, 7135875148102166978
21343, 9905725003277683066
112038, 2178414770058446152
30263, 8621218791424903226
102818, 16120557799037073884
54668, 5407604856871532427
45344, 12604098975985281853
59217, 3788373053452626840
38931, 18324674625635504725
82372, 9540513881103819831
61573, 1871996066400050033
52012, 4153039318043425995
106897, 9483531197298811488
10640, 7936877931603507902
39827, 7107715603146200379
43065, 6904759817604994036
82975, 4515741297468158078
104095, 5821504607585428483
101513, 9587988604559504363
91437, 16666119198232655601
57030, 1863849631173192405
61741, 15905906476603191902
49109, 787457894533131204
69613, 10711399862911940575
68807, 15556028576897629521
106409, 3538388066270355092
56096, 9035167403415338168
50375, 8517563381368038080
53457, 7892382061032974344
75904, 814762547256083576
68594, 2741874368860073168
82981, 15992728172153433617
102093, 7827407429983061182
25063, 6361148231080176388
32764, 17827959951395712166
20409, 16064924583096397602
17063, 4075794612048311638
114252, 6126587474193941036
95487, 5247623142516240095
101024, 16662465662219941589
87582, 4734359239408804572
65357, 16536509578525808499
20330, 6715050947199222461
69405, 9884155566681086784
21064, 10685565381633511119
73352, 560760714249798222
86476, 16045258277559452071
67169, 10324436731888570514
68131, 5089739345832647591
17166, 2165300643269932648
87202, 17078050789694098157
41631, 17283135236371992931
64658, 9636603857078911368
95293, 17105324615696338675
51595, 4591814407556386188
71229, 18422890062100798670
30634, 14355688368299217079
37416, 14625489285024935085
21456, 9963676353292010630
102718, 6153233820280695083
75582, 17079897586994874541
44768, 11522076395756535515
52746, 136456399141333219
95285, 13538827450184665997
97499, 8754262154318358608
72859, 11315769179865683872
86372, 1449480413055015161
21366, 5709504966327750719
99643, 1589069417229767984
16256, 14695379453040175199
51875, 4502472471048330321
101841, 12969480015305001638
80523, 13450308487274690487
102647, 8403986647310725143
67179, 14229269001222476282
68590, 3875899429693907778
14329, 11530877214571796018
58345, 8745216637795590489
111643, 17734053522188964184
65331, 5960744292725993825
9967, 4956845655310694680
54577, 7937517350650895430
34595, 12020856502769942906
34004, 7664143769372222951
49956, 4260052419319125230
47514, 12401242355830807757
7797, 14738769059143156389
